# RA                      # DEC                     # INST MAG
2.933027369999999934e+01 -3.453917000000000237e-01 -1.117510000000000048e+01
2.933011099999999871e+01 -4.363299999999999956e-01 -1.084309999999999974e+01
2.932898180000000110e+01 -4.797102999999999784e-01 -9.361299999999999955e+00
2.932488580000000056e+01 -4.600743999999999945e-01 -1.256799999999999962e+01
2.932325649999999939e+01 -3.841924999999999923e-01 -8.073900000000000077e+00
2.932271019999999950e+01 -4.195831999999999895e-01 -7.255300000000000082e+00
2.932263060000000010e+01 -3.841941999999999857e-01 -8.768800000000000594e+00
2.932232940000000099e+01 -4.717772000000000077e-01 -8.432600000000000762e+00
2.932227370000000022e+01 -4.406322999999999768e-01 -7.179700000000000415e+00
2.932215340000000126e+01 -4.143690999999999902e-01 -8.252200000000000202e+00
2.932283070000000080e+01 -4.270580999999999960e-01 -7.935699999999999754e+00
2.932282040000000123e+01 -3.759956999999999883e-01 -7.426199999999999690e+00
2.932273620000000136e+01 -4.900130999999999792e-01 -6.765900000000000247e+00
2.932271700000000081e+01 -3.482422000000000017e-01 -6.921000000000000263e+00
2.933041830000000161e+01 -4.713215000000000043e-01 -1.070759999999999934e+01
2.932458090000000084e+01 -3.703588999999999909e-01 -9.410000000000000142e+00
2.932369950000000003e+01 -3.841932000000000125e-01 -7.794599999999999973e+00
2.932338139999999882e+01 -4.272939000000000043e-01 -7.127100000000000435e+00
2.932416299999999865e+01 -3.721286999999999789e-01 -9.310299999999999798e+00
2.932308229999999938e+01 -3.561356999999999995e-01 -7.239600000000000257e+00
2.932444209999999885e+01 -3.841973000000000193e-01 -8.444900000000000517e+00
2.932322930000000127e+01 -3.455459000000000169e-01 -7.189700000000000202e+00
2.932353829999999917e+01 -4.240514000000000228e-01 -7.014800000000000146e+00
2.932354159999999865e+01 -4.167431999999999803e-01 -7.245499999999999829e+00
2.932356800000000163e+01 -3.482616000000000045e-01 -6.969500000000000028e+00
2.933055819999999869e+01 -3.975702999999999876e-01 -1.065760000000000041e+01
2.932351829999999993e+01 -4.048781000000000185e-01 -7.224099999999999966e+00
2.932507560000000169e+01 -3.842044000000000015e-01 -9.043499999999999872e+00
2.932867129999999989e+01 -4.776464999999999739e-01 -9.348300000000000054e+00
2.932402989999999932e+01 -3.841913000000000133e-01 -7.874399999999999622e+00
2.932614230000000077e+01 -4.463733999999999758e-01 -1.018829999999999991e+01
2.932407070000000004e+01 -4.521606000000000236e-01 -6.964999999999999858e+00
2.932407889999999995e+01 -3.645259000000000138e-01 -7.182999999999999829e+00
2.932411730000000105e+01 -3.456319999999999948e-01 -7.407799999999999940e+00
2.932422490000000082e+01 -4.013828999999999869e-01 -6.894800000000000040e+00
2.933034209999999931e+01 -3.573240999999999779e-01 -1.086400000000000077e+01
2.932444399999999973e+01 -3.508165999999999785e-01 -7.027899999999999814e+00
2.932446150000000173e+01 -3.461280999999999941e-01 -7.298600000000000421e+00
2.932424549999999996e+01 -4.747255000000000225e-01 -7.142000000000000348e+00
2.932997489999999985e+01 -4.272356999999999960e-01 -9.756199999999999761e+00
2.933004190000000122e+01 -3.758423000000000180e-01 -9.621399999999999508e+00
2.933010810000000035e+01 -3.995527999999999857e-01 -1.047240000000000038e+01
2.932562850000000054e+01 -4.462535999999999725e-01 -8.340799999999999770e+00
2.932564980000000077e+01 -3.822946999999999873e-01 -8.572800000000000864e+00
2.932493960000000044e+01 -4.878801999999999861e-01 -6.997799999999999798e+00
2.932494709999999927e+01 -4.807619000000000198e-01 -7.367300000000000182e+00
2.932493510000000114e+01 -4.366000999999999910e-01 -7.018799999999999706e+00
2.932492140000000092e+01 -4.244394000000000222e-01 -7.833800000000000097e+00
2.932492459999999923e+01 -4.172048999999999896e-01 -7.453700000000000436e+00
2.932495750000000001e+01 -3.647626999999999953e-01 -7.060500000000000220e+00
2.932494189999999890e+01 -3.458113999999999910e-01 -7.128999999999999559e+00
2.932542739999999881e+01 -3.764781999999999851e-01 -7.729099999999999859e+00
2.933015629999999874e+01 -4.835941999999999741e-01 -1.000520000000000032e+01
2.932490789999999947e+01 -4.115170000000000217e-01 -7.286599999999999966e+00
2.933033190000000090e+01 -4.574037000000000242e-01 -1.065029999999999966e+01
2.932981940000000165e+01 -4.885139000000000009e-01 -9.643800000000000594e+00
2.932629740000000140e+01 -3.841997999999999802e-01 -8.080000000000000071e+00
2.932530339999999924e+01 -3.954616000000000242e-01 -6.993100000000000094e+00
2.932512870000000049e+01 -3.894534000000000051e-01 -7.078100000000000058e+00
2.932513090000000133e+01 -3.539390000000000036e-01 -7.141799999999999926e+00
2.933032400000000095e+01 -4.432980000000000254e-01 -1.068769999999999953e+01
2.932576239999999856e+01 -3.841890000000000027e-01 -7.903999999999999915e+00
2.932548829999999995e+01 -3.474420999999999760e-01 -7.391399999999999970e+00
2.933026710000000037e+01 -3.619411000000000156e-01 -1.079139999999999944e+01
2.932686280000000068e+01 -3.842044000000000015e-01 -9.039199999999999235e+00
2.933028369999999896e+01 -4.198445000000000094e-01 -1.013579999999999970e+01
2.932857530000000068e+01 -4.872234999999999761e-01 -9.329499999999999460e+00
2.932852540000000019e+01 -3.532680999999999738e-01 -9.327299999999999258e+00
2.932564289999999829e+01 -3.560691999999999746e-01 -7.246900000000000119e+00
2.933023929999999879e+01 -4.740347999999999784e-01 -9.834400000000000475e+00
2.932751090000000005e+01 -4.514855999999999869e-01 -8.387299999999999756e+00
2.933040379999999914e+01 -3.691258000000000039e-01 -1.078720000000000034e+01
2.933029930000000007e+01 -3.525433000000000039e-01 -9.641700000000000159e+00
2.933033950000000090e+01 -4.598025000000000029e-01 -1.062710000000000043e+01
2.932998909999999881e+01 -3.639839999999999742e-01 -1.012129999999999974e+01
2.933016200000000140e+01 -4.857299999999999951e-01 -1.050859999999999950e+01
2.932863030000000037e+01 -4.053289999999999949e-01 -9.295700000000000074e+00
2.933049420000000040e+01 -3.834066999999999892e-01 -1.071369999999999933e+01
2.932634219999999914e+01 -4.879634999999999945e-01 -7.736299999999999955e+00
2.932635110000000012e+01 -3.525775999999999910e-01 -7.247700000000000031e+00
2.932916820000000158e+01 -3.820987000000000133e-01 -8.896000000000000796e+00
2.932629830000000126e+01 -4.043608000000000202e-01 -7.119900000000000340e+00
2.932629880000000000e+01 -3.970507999999999815e-01 -7.289699999999999847e+00
2.933022190000000151e+01 -4.458424000000000276e-01 -9.488699999999999690e+00
2.933045630000000159e+01 -4.525967000000000184e-01 -9.899699999999999278e+00
2.933040250000000171e+01 -4.502131999999999801e-01 -1.059329999999999927e+01
2.933021689999999992e+01 -3.664421999999999957e-01 -9.701000000000000512e+00
2.933018969999999825e+01 -4.386382999999999810e-01 -1.051159999999999961e+01
2.932876459999999952e+01 -3.841705000000000259e-01 -9.781800000000000495e+00
2.933026909999999887e+01 -4.410643000000000202e-01 -1.055499999999999972e+01
2.933012910000000062e+01 -4.160003999999999924e-01 -1.023569999999999958e+01
2.933014969999999977e+01 -3.876450000000000173e-01 -1.004989999999999917e+01
2.932854899999999887e+01 -4.519993999999999956e-01 -9.347099999999999298e+00
2.932862959999999930e+01 -3.980200999999999878e-01 -8.523400000000000531e+00
2.933028559999999985e+01 -4.137409000000000225e-01 -1.080649999999999977e+01
2.932993469999999903e+01 -3.545149000000000217e-01 -1.003860000000000063e+01
2.933018429999999910e+01 -4.832661999999999791e-01 -9.571899999999999409e+00
2.932999189999999956e+01 -4.483952999999999967e-01 -9.884999999999999787e+00
2.933020630000000040e+01 -3.784214000000000189e-01 -1.074300000000000033e+01
2.932860369999999861e+01 -4.307554000000000105e-01 -8.947699999999999321e+00
2.932745849999999876e+01 -3.587198999999999804e-01 -8.486700000000000799e+00
2.933069100000000162e+01 -3.763347000000000220e-01 -1.008639999999999937e+01
2.933013460000000094e+01 -4.087813000000000141e-01 -1.021870000000000012e+01
2.932701090000000121e+01 -3.581262000000000056e-01 -8.220900000000000318e+00
2.933000230000000030e+01 -4.247334999999999861e-01 -9.970000000000000639e+00
2.933015109999999837e+01 -4.316279000000000088e-01 -9.776899999999999480e+00
2.933042610000000039e+01 -4.020740999999999898e-01 -1.096010000000000062e+01
2.933044320000000127e+01 -4.068808999999999898e-01 -1.035219999999999985e+01
2.933044770000000057e+01 -3.668468999999999758e-01 -1.015029999999999966e+01
2.933008590000000027e+01 -3.501959000000000044e-01 -9.555799999999999628e+00
2.932859029999999834e+01 -3.653401000000000010e-01 -9.123400000000000176e+00
2.933053530000000109e+01 -3.529043000000000041e-01 -9.756700000000000372e+00
2.932966130000000149e+01 -4.745919000000000110e-01 -9.144600000000000506e+00
2.933005239999999958e+01 -4.670591000000000048e-01 -9.894299999999999429e+00
2.933052729999999997e+01 -4.194262999999999741e-01 -9.947499999999999787e+00
2.933048249999999868e+01 -3.927961999999999843e-01 -1.062030000000000030e+01
2.933064889999999991e+01 -4.874403999999999959e-01 -9.660700000000000287e+00
2.932845740000000134e+01 -4.190906999999999827e-01 -8.762700000000000600e+00
2.932722439999999864e+01 -3.502793000000000156e-01 -6.879900000000000126e+00
2.933027050000000102e+01 -4.222083999999999837e-01 -1.039359999999999928e+01
2.933000589999999974e+01 -3.967600000000000016e-01 -9.188599999999999213e+00
2.932862619999999865e+01 -4.706652000000000058e-01 -9.153000000000000469e+00
2.932995259999999860e+01 -4.062356999999999774e-01 -9.331099999999999284e+00
2.932859720000000081e+01 -4.352099999999999858e-01 -8.243999999999999773e+00
2.932759499999999875e+01 -3.841799000000000186e-01 -6.959299999999999820e+00
2.932717620000000025e+01 -4.043377000000000221e-01 -7.457200000000000273e+00
2.932969040000000049e+01 -4.723798000000000163e-01 -8.576299999999999812e+00
2.932987130000000064e+01 -4.343792000000000209e-01 -9.132699999999999818e+00
2.933042569999999927e+01 -4.288446000000000202e-01 -1.031760000000000055e+01
2.932988320000000115e+01 -3.802320000000000144e-01 -8.862800000000000011e+00
2.933054900000000131e+01 -3.811344999999999872e-01 -9.899300000000000210e+00
2.932868450000000138e+01 -4.027742000000000266e-01 -8.918799999999999173e+00
2.932875260000000139e+01 -3.911391000000000173e-01 -9.048700000000000188e+00
2.932873079999999888e+01 -4.186436000000000046e-01 -8.902900000000000702e+00
2.933022449999999992e+01 -4.293568999999999858e-01 -9.625899999999999679e+00
2.933017159999999990e+01 -4.646571999999999925e-01 -1.041039999999999921e+01
2.933032019999999918e+01 -4.455096000000000056e-01 -1.000489999999999924e+01
2.932876389999999844e+01 -4.329022000000000148e-01 -8.350099999999999412e+00
2.932751149999999996e+01 -4.517689999999999761e-01 -7.005700000000000038e+00
2.932856509999999872e+01 -4.469809000000000143e-01 -8.451900000000000190e+00
2.932853039999999822e+01 -4.635020999999999725e-01 -8.982499999999999929e+00
2.932866920000000022e+01 -4.542185000000000250e-01 -8.816700000000000870e+00
2.932873880000000000e+01 -4.233794000000000168e-01 -9.057100000000000151e+00
2.932857080000000138e+01 -3.792633000000000254e-01 -8.218199999999999505e+00
2.932866549999999961e+01 -3.723173000000000177e-01 -8.925300000000000011e+00
2.932876219999999989e+01 -3.582026999999999850e-01 -9.278600000000000847e+00
2.932855179999999962e+01 -4.801436000000000037e-01 -9.452999999999999403e+00
2.933066279999999892e+01 -4.617975999999999748e-01 -9.367100000000000648e+00
2.933068839999999966e+01 -4.310762000000000205e-01 -9.864599999999999369e+00
2.933020080000000007e+01 -3.807048000000000099e-01 -9.496900000000000119e+00
2.932996310000000051e+01 -4.176381000000000121e-01 -9.844599999999999795e+00
2.932874109999999845e+01 -3.606478000000000184e-01 -8.412399999999999878e+00
2.932872850000000042e+01 -3.815754000000000090e-01 -8.311299999999999244e+00
2.933049809999999979e+01 -4.736188000000000065e-01 -9.504300000000000637e+00
2.932990990000000053e+01 -4.814574999999999827e-01 -9.042699999999999960e+00
2.933007939999999891e+01 -3.593965000000000076e-01 -1.006600000000000072e+01
2.932858380000000054e+01 -4.610419000000000045e-01 -9.175800000000000622e+00
2.932859330000000142e+01 -4.077715000000000090e-01 -8.985400000000000276e+00
2.932857770000000031e+01 -4.494626999999999928e-01 -9.218500000000000583e+00
2.932862300000000033e+01 -4.753969000000000111e-01 -8.239499999999999602e+00
2.932861049999999992e+01 -4.681732000000000116e-01 -8.901600000000000179e+00
2.932860200000000006e+01 -3.700953000000000159e-01 -8.622099999999999653e+00
2.932859819999999829e+01 -3.628287000000000040e-01 -8.693199999999999150e+00
2.932770030000000006e+01 -4.414688999999999974e-01 -8.861200000000000188e+00
2.932771329999999921e+01 -4.159186000000000272e-01 -8.039400000000000546e+00
2.933050730000000073e+01 -4.879431000000000185e-01 -9.832300000000000040e+00
2.933058109999999985e+01 -4.476163000000000225e-01 -9.673700000000000188e+00
2.933054939999999888e+01 -4.900140000000000051e-01 -1.015590000000000082e+01
2.933049330000000054e+01 -3.951039000000000079e-01 -1.034919999999999973e+01
2.933037140000000065e+01 -4.114162000000000097e-01 -1.044660000000000011e+01
2.932861619999999903e+01 -3.463284999999999836e-01 -8.793200000000000571e+00
2.932938920000000138e+01 -3.917681000000000080e-01 -8.595399999999999707e+00
2.933056930000000051e+01 -4.046738999999999753e-01 -1.015409999999999968e+01
2.933077259999999953e+01 -4.614663999999999988e-01 -9.362700000000000244e+00
2.933015380000000150e+01 -3.901489000000000207e-01 -9.293900000000000716e+00
2.933014419999999944e+01 -3.853028000000000008e-01 -1.021870000000000012e+01
2.933020520000000175e+01 -3.711387999999999909e-01 -9.653100000000000236e+00
2.933035569999999836e+01 -4.549750000000000183e-01 -1.072899999999999920e+01
2.932879840000000016e+01 -4.423771000000000231e-01 -8.285500000000000753e+00
2.932943420000000145e+01 -3.942455999999999738e-01 -8.320800000000000196e+00
2.932855040000000102e+01 -4.564464999999999772e-01 -8.900800000000000267e+00
2.932851589999999931e+01 -4.144267999999999841e-01 -7.769599999999999618e+00
2.932854830000000135e+01 -4.824262999999999746e-01 -9.199699999999999989e+00
2.932768880000000067e+01 -3.968405999999999878e-01 -7.820999999999999730e+00
2.932992249999999856e+01 -4.767259999999999831e-01 -9.156800000000000495e+00
2.932991330000000119e+01 -4.298131000000000035e-01 -8.850199999999999179e+00
2.932982670000000169e+01 -3.472358999999999862e-01 -9.493499999999999162e+00
2.932910659999999936e+01 -3.491053000000000073e-01 -8.622199999999999420e+00
2.932857969999999881e+01 -4.899608999999999770e-01 -8.370699999999999363e+00
2.932862450000000010e+01 -4.354779999999999762e-01 -8.190200000000000813e+00
2.932864229999999850e+01 -4.472011000000000180e-01 -7.914500000000000313e+00
2.932867269999999849e+01 -4.100574000000000163e-01 -8.870300000000000296e+00
2.932868410000000026e+01 -4.449384000000000117e-01 -8.146200000000000330e+00
2.933061329999999955e+01 -4.094991000000000048e-01 -9.739699999999999136e+00
2.933067720000000023e+01 -3.907017999999999880e-01 -1.004969999999999963e+01
2.933085110000000029e+01 -3.508677000000000046e-01 -8.964000000000000412e+00
2.932867170000000101e+01 -3.935749000000000053e-01 -9.413299999999999557e+00
2.932853970000000032e+01 -3.509939000000000253e-01 -9.115800000000000125e+00
2.932869159999999908e+01 -4.147874999999999757e-01 -8.730999999999999872e+00
2.932859649999999974e+01 -4.846599999999999797e-01 -7.964100000000000179e+00
2.932857380000000092e+01 -4.684729999999999728e-01 -7.789399999999999658e+00
2.932858119999999857e+01 -4.590113000000000110e-01 -8.909599999999999298e+00
2.932851140000000001e+01 -4.402751999999999777e-01 -8.613599999999999923e+00
2.932860030000000151e+01 -4.005198999999999843e-01 -8.405699999999999505e+00
2.932851970000000108e+01 -3.770111999999999908e-01 -9.149599999999999511e+00
2.932858609999999899e+01 -3.697716999999999810e-01 -8.257600000000000051e+00
2.932856920000000045e+01 -4.168323999999999918e-01 -7.715799999999999770e+00
2.932860870000000020e+01 -4.074898000000000131e-01 -7.963000000000000078e+00
2.932994360000000000e+01 -4.041068999999999911e-01 -9.640599999999999170e+00
2.932859159999999932e+01 -3.862587000000000104e-01 -8.008900000000000574e+00
2.932862000000000080e+01 -3.488743999999999734e-01 -8.438800000000000523e+00
2.932863779999999920e+01 -4.123582000000000081e-01 -8.666299999999999670e+00
2.932844830000000158e+01 -3.886701000000000183e-01 -7.543000000000000149e+00
2.932825940000000031e+01 -4.603337000000000123e-01 -7.942899999999999849e+00
2.932863199999999892e+01 -4.332762000000000002e-01 -8.014799999999999258e+00
2.933053340000000020e+01 -3.739133000000000040e-01 -9.843400000000000816e+00
2.933024849999999972e+01 -4.904781999999999753e-01 -9.252599999999999270e+00
2.933024610000000010e+01 -4.787427000000000210e-01 -1.038579999999999970e+01
2.932851940000000113e+01 -3.605029000000000150e-01 -8.427699999999999747e+00
2.932849369999999922e+01 -4.257657000000000247e-01 -8.184900000000000730e+00
2.933013289999999884e+01 -4.269132999999999956e-01 -9.210900000000000531e+00
2.932861109999999982e+01 -4.211080999999999852e-01 -8.452299999999999258e+00
2.932869799999999927e+01 -4.446545000000000081e-01 -8.524699999999999278e+00
2.932863499999999846e+01 -4.260301000000000227e-01 -7.640200000000000102e+00
2.932857979999999998e+01 -4.849440999999999891e-01 -7.532499999999999751e+00
2.933048619999999929e+01 -4.663364999999999871e-01 -9.017400000000000304e+00
2.932879720000000034e+01 -4.730911999999999895e-01 -7.588000000000000078e+00
2.933028510000000111e+01 -4.809980999999999840e-01 -9.858100000000000307e+00
2.932943470000000019e+01 -3.894908000000000259e-01 -8.331300000000000594e+00
2.932865869999999830e+01 -3.441246000000000027e-01 -8.486200000000000188e+00
2.932905470000000037e+01 -4.009628000000000081e-01 -8.327700000000000102e+00
2.932844460000000097e+01 -4.446661000000000086e-01 -8.178900000000000503e+00
2.932845289999999849e+01 -4.587630999999999792e-01 -6.957600000000000229e+00
2.932866209999999896e+01 -4.567125000000000212e-01 -7.136499999999999844e+00
2.932845079999999882e+01 -3.674380999999999897e-01 -8.775100000000000122e+00
2.932845329999999962e+01 -4.658726999999999729e-01 -8.310499999999999332e+00
2.933027620000000013e+01 -4.623036999999999841e-01 -1.013610000000000078e+01
2.932845969999999980e+01 -3.555176999999999921e-01 -8.548600000000000421e+00
2.932867579999999919e+01 -3.888043999999999945e-01 -8.050900000000000389e+00
2.933000600000000091e+01 -3.736074999999999813e-01 -9.573100000000000165e+00
2.933014719999999897e+01 -3.477025000000000254e-01 -8.856600000000000250e+00
2.932989230000000092e+01 -3.520670000000000188e-01 -9.001799999999999358e+00
2.932913320000000112e+01 -3.890563000000000216e-01 -7.792300000000000004e+00
2.933042710000000142e+01 -3.430768000000000151e-01 -9.459799999999999542e+00
2.932857590000000059e+01 -4.427267999999999759e-01 -8.017300000000000537e+00
2.933060680000000175e+01 -3.434888999999999859e-01 -9.291399999999999437e+00
2.932987149999999943e+01 -4.320288999999999935e-01 -9.407099999999999795e+00
2.933057700000000168e+01 -3.645768999999999815e-01 -1.000859999999999950e+01
2.932844370000000112e+01 -4.141814999999999802e-01 -7.163999999999999702e+00
2.932826959999999872e+01 -4.697611999999999899e-01 -7.220799999999999663e+00
2.933073329999999856e+01 -4.827117000000000213e-01 -9.023500000000000298e+00
2.933055269999999837e+01 -4.805812999999999890e-01 -9.224399999999999267e+00
2.932998540000000176e+01 -4.694902000000000242e-01 -9.673799999999999955e+00
2.932853449999999995e+01 -3.954327000000000258e-01 -7.077399999999999913e+00
2.933034800000000075e+01 -4.480078000000000116e-01 -9.096299999999999386e+00
2.933053370000000015e+01 -4.780744000000000105e-01 -9.276199999999999335e+00
2.932935349999999985e+01 -4.104040999999999939e-01 -8.359299999999999287e+00
2.932859369999999899e+01 -3.789900999999999964e-01 -7.086700000000000443e+00
2.933066940000000145e+01 -4.165675999999999823e-01 -1.018999999999999950e+01
2.933072179999999918e+01 -3.599548000000000192e-01 -9.638400000000000745e+00
2.933070980000000105e+01 -4.522054999999999825e-01 -9.116300000000000736e+00
2.932981020000000072e+01 -3.922206999999999777e-01 -8.546900000000000830e+00
2.933049120000000087e+01 -4.242072000000000065e-01 -9.911099999999999355e+00
2.932866230000000130e+01 -4.734765000000000224e-01 -7.110899999999999999e+00
2.932887189999999933e+01 -4.031729000000000007e-01 -7.120700000000000252e+00
2.932909150000000054e+01 -3.867457000000000256e-01 -8.380200000000000315e+00
2.933065939999999827e+01 -4.852622999999999798e-01 -9.262299999999999756e+00
2.933077719999999999e+01 -4.403962000000000154e-01 -9.385899999999999466e+00
2.933076630000000051e+01 -4.731932999999999834e-01 -8.800700000000000855e+00
2.933029319999999984e+01 -3.499955000000000149e-01 -9.597599999999999909e+00
2.932996239999999943e+01 -4.764211999999999891e-01 -8.557999999999999829e+00
2.933027320000000060e+01 -3.762396000000000074e-01 -8.993499999999999162e+00
2.933079180000000008e+01 -3.720528000000000168e-01 -9.150000000000000355e+00
2.933082599999999829e+01 -4.215016999999999792e-01 -8.849000000000000199e+00
2.932998309999999975e+01 -4.462420999999999749e-01 -8.378999999999999559e+00
2.933037380000000027e+01 -4.338130000000000042e-01 -9.966300000000000381e+00
2.933036720000000130e+01 -3.900166999999999939e-01 -8.807800000000000296e+00
2.933024340000000052e+01 -3.715251999999999999e-01 -9.059900000000000730e+00
2.933006509999999878e+01 -3.479671999999999765e-01 -8.315799999999999415e+00
2.932934519999999878e+01 -4.560683999999999849e-01 -7.819099999999999717e+00
2.933086709999999897e+01 -4.664609000000000116e-01 -8.828699999999999548e+00
2.932999279999999942e+01 -3.946506000000000181e-01 -9.462099999999999511e+00
2.932999999999999829e+01 -4.532249999999999890e-01 -8.401699999999999946e+00
2.933041310000000124e+01 -4.690694000000000252e-01 -9.630300000000000082e+00
2.932920220000000100e+01 -4.396887999999999908e-01 -6.981799999999999784e+00
2.933043779999999856e+01 -4.264544000000000112e-01 -8.990099999999999980e+00
2.933011259999999965e+01 -4.760496000000000172e-01 -8.296799999999999287e+00
2.933076610000000173e+01 -4.849187999999999832e-01 -8.553800000000000736e+00
2.933072890000000044e+01 -4.686864000000000030e-01 -9.259900000000000020e+00
2.933039050000000003e+01 -4.171998000000000095e-01 -9.677400000000000446e+00
2.933071440000000152e+01 -4.000188000000000077e-01 -9.567299999999999471e+00
2.932992600000000039e+01 -4.112606999999999791e-01 -8.328799999999999315e+00
2.932994150000000033e+01 -4.383999000000000090e-01 -8.237199999999999633e+00
2.933040850000000077e+01 -4.761681999999999859e-01 -8.684200000000000585e+00
2.933072980000000030e+01 -3.552580000000000182e-01 -9.105000000000000426e+00
2.933077420000000046e+01 -3.883673999999999737e-01 -8.597699999999999676e+00
2.933001610000000170e+01 -4.529361000000000081e-01 -8.092999999999999972e+00
2.933072890000000044e+01 -4.757446000000000175e-01 -8.699500000000000455e+00
2.933086420000000061e+01 -4.378862000000000032e-01 -9.079200000000000159e+00
2.933053800000000066e+01 -3.480558000000000263e-01 -9.025900000000000034e+00
2.933065200000000061e+01 -4.361077999999999899e-01 -8.864499999999999602e+00
2.933081500000000119e+01 -4.335504000000000024e-01 -8.845499999999999474e+00
2.933078689999999966e+01 -3.438706999999999736e-01 -9.125700000000000145e+00
2.933062939999999941e+01 -3.549031000000000269e-01 -8.190699999999999648e+00
2.933034479999999888e+01 -3.550476000000000187e-01 -8.296599999999999753e+00
2.933069220000000144e+01 -3.859986000000000250e-01 -9.354799999999999116e+00
2.933065909999999832e+01 -3.717150000000000176e-01 -8.704100000000000392e+00
2.933089520000000050e+01 -4.759358000000000199e-01 -8.391099999999999781e+00
2.933081140000000175e+01 -4.638991000000000087e-01 -9.106099999999999639e+00
2.933101890000000012e+01 -3.746515000000000262e-01 -8.963900000000000645e+00
2.933060000000000045e+01 -4.266131000000000228e-01 -8.108599999999999142e+00
2.933089190000000102e+01 -3.841702000000000172e-01 -8.693400000000000460e+00
2.933084140000000062e+01 -3.486337999999999937e-01 -8.350799999999999557e+00
2.933096400000000159e+01 -4.331576999999999789e-01 -8.036400000000000432e+00
2.933059839999999951e+01 -4.425391000000000186e-01 -8.043699999999999406e+00
2.933089790000000008e+01 -3.886249999999999982e-01 -8.315400000000000347e+00
2.933096610000000126e+01 -4.261228000000000238e-01 -9.030499999999999972e+00
2.933102979999999960e+01 -4.753009999999999735e-01 -8.211700000000000443e+00
2.933080730000000003e+01 -3.483149999999999857e-01 -8.012399999999999523e+00
2.933093290000000053e+01 -4.661242999999999914e-01 -7.987599999999999589e+00
2.933309009999999972e+01 -3.842059999999999920e-01 -9.195899999999999963e+00
2.933107719999999929e+01 -3.863166000000000100e-01 -7.800099999999999589e+00
2.933114600000000038e+01 -4.799480999999999886e-01 -6.857999999999999652e+00
2.933112709999999979e+01 -3.959707000000000088e-01 -7.495300000000000296e+00
2.933180109999999985e+01 -3.841983999999999955e-01 -8.674300000000000566e+00
2.933571810000000113e+01 -3.590916000000000108e-01 -8.784900000000000375e+00
2.933487699999999876e+01 -4.521561000000000052e-01 -7.389800000000000146e+00
2.933581560000000010e+01 -4.248973999999999807e-01 -8.533200000000000784e+00
2.933599279999999965e+01 -4.506353000000000164e-01 -7.730100000000000193e+00
2.933661590000000174e+01 -3.842014999999999736e-01 -8.182000000000000384e+00
2.933724889999999874e+01 -3.842283000000000226e-01 -8.022299999999999542e+00
2.933877959999999874e+01 -4.624112000000000222e-01 -1.023840000000000039e+01
2.933740900000000096e+01 -4.654897000000000062e-01 -7.990099999999999980e+00
2.933983110000000138e+01 -4.420464000000000060e-01 -1.303870000000000040e+01
2.933943460000000059e+01 -4.694706000000000157e-01 -9.552300000000000679e+00
2.933816909999999822e+01 -3.620243000000000211e-01 -9.262199999999999989e+00
2.933920979999999901e+01 -3.842149999999999732e-01 -8.886400000000000077e+00
2.934200769999999991e+01 -4.402557999999999749e-01 -1.545240000000000080e+01
2.933831670000000003e+01 -3.842057999999999862e-01 -8.106999999999999318e+00
2.934189819999999926e+01 -4.327771000000000257e-01 -1.243440000000000012e+01
2.933939279999999883e+01 -3.546981000000000162e-01 -7.838599999999999568e+00
2.934062189999999859e+01 -4.667966000000000060e-01 -9.235900000000000887e+00
2.934072809999999976e+01 -4.158557999999999977e-01 -8.678399999999999892e+00
2.934030539999999831e+01 -3.904850999999999739e-01 -7.768600000000000172e+00
2.934057170000000170e+01 -4.825680999999999998e-01 -8.444200000000000372e+00
2.934255500000000083e+01 -4.094853999999999994e-01 -1.093839999999999968e+01
2.934058410000000094e+01 -3.842185000000000183e-01 -8.503399999999999181e+00
2.934216819999999970e+01 -4.208559000000000050e-01 -9.884900000000000020e+00
2.934132710000000088e+01 -4.644463999999999815e-01 -9.115899999999999892e+00
2.934155579999999830e+01 -3.613460000000000005e-01 -9.061199999999999477e+00
2.934187149999999988e+01 -3.842066000000000092e-01 -8.594400000000000261e+00
2.934362450000000067e+01 -3.720353000000000132e-01 -9.481899999999999551e+00
2.934535890000000080e+01 -3.842278000000000082e-01 -9.693400000000000460e+00
2.935018609999999839e+01 -4.108323999999999865e-01 -1.136159999999999926e+01
2.934358209999999900e+01 -3.842256000000000005e-01 -8.512700000000000600e+00
2.934300569999999908e+01 -3.842127000000000181e-01 -7.706699999999999662e+00
2.934445499999999996e+01 -3.842355000000000076e-01 -9.077799999999999869e+00
2.934642360000000139e+01 -4.064155999999999880e-01 -1.030770000000000053e+01
2.934454979999999935e+01 -4.168552999999999842e-01 -7.913400000000000212e+00
2.934636259999999908e+01 -3.643564000000000247e-01 -9.990800000000000125e+00
2.934522700000000128e+01 -4.125750000000000250e-01 -7.443900000000000183e+00
2.935015329999999878e+01 -3.842325999999999797e-01 -9.799500000000000099e+00
2.934651380000000032e+01 -3.842419000000000251e-01 -8.465299999999999159e+00
2.934606739999999903e+01 -4.099728000000000261e-01 -7.172600000000000087e+00
2.934681489999999826e+01 -3.982190999999999925e-01 -8.205199999999999605e+00
2.934838239999999843e+01 -3.554469000000000101e-01 -1.005979999999999919e+01
2.934709279999999865e+01 -3.842241000000000128e-01 -8.189399999999999125e+00
2.934712599999999938e+01 -4.175787000000000249e-01 -7.578899999999999970e+00
2.934818260000000123e+01 -3.842296000000000045e-01 -8.474000000000000199e+00
2.934774469999999980e+01 -3.842227999999999755e-01 -8.314199999999999591e+00
2.934945270000000050e+01 -3.510107000000000088e-01 -7.154099999999999682e+00
2.935015680000000060e+01 -3.635025000000000062e-01 -7.541599999999999859e+00
2.935052639999999968e+01 -3.829286000000000079e-01 -8.406499999999999417e+00
2.935121859999999927e+01 -3.842422999999999811e-01 -8.223800000000000665e+00
2.935309840000000037e+01 -3.842449000000000003e-01 -9.171300000000000452e+00
2.935240890000000036e+01 -4.609819000000000000e-01 -8.750400000000000844e+00
2.935275289999999870e+01 -4.305711999999999873e-01 -7.652000000000000135e+00
2.935259399999999985e+01 -3.575078999999999896e-01 -6.739099999999999646e+00
2.935415629999999965e+01 -3.842383999999999800e-01 -8.958299999999999486e+00
2.935293640000000082e+01 -4.557805999999999802e-01 -6.815000000000000391e+00
2.935427650000000099e+01 -3.821624000000000132e-01 -9.476800000000000779e+00
2.935349450000000004e+01 -4.811232999999999760e-01 -6.817800000000000082e+00
2.935423379999999938e+01 -4.354058000000000095e-01 -7.663299999999999557e+00
2.935518730000000076e+01 -3.842358000000000162e-01 -8.783699999999999619e+00
2.935560440000000071e+01 -3.842505999999999977e-01 -8.585000000000000853e+00
2.935765440000000126e+01 -3.885623999999999745e-01 -9.796599999999999753e+00
2.935928540000000098e+01 -4.792145999999999906e-01 -1.085120000000000040e+01
2.935794840000000150e+01 -3.842474000000000167e-01 -9.078400000000000247e+00
2.935800929999999909e+01 -3.995238999999999874e-01 -1.006879999999999953e+01
2.935636840000000092e+01 -3.964200999999999975e-01 -8.656499999999999417e+00
2.935675150000000144e+01 -3.744260999999999839e-01 -8.163500000000000867e+00
2.935690759999999955e+01 -3.842385999999999857e-01 -8.520799999999999486e+00
2.935664059999999864e+01 -4.900902999999999787e-01 -6.968399999999999928e+00
2.935757660000000158e+01 -4.737621000000000193e-01 -8.930999999999999162e+00
2.935941490000000087e+01 -4.722257000000000260e-01 -1.098189999999999955e+01
2.935790629999999979e+01 -4.316459000000000268e-01 -8.002900000000000347e+00
2.936047549999999973e+01 -4.312016000000000182e-01 -1.070480000000000054e+01
2.935914449999999931e+01 -3.842351999999999990e-01 -8.767799999999999372e+00
2.935995240000000095e+01 -4.509015000000000106e-01 -9.445800000000000196e+00
2.935989749999999887e+01 -4.017552999999999819e-01 -7.610699999999999577e+00
2.936027749999999870e+01 -3.842579999999999885e-01 -7.635600000000000165e+00
2.936109300000000033e+01 -3.842500999999999833e-01 -8.545099999999999696e+00
2.936218059999999852e+01 -3.842414000000000107e-01 -8.597300000000000608e+00
2.936148580000000052e+01 -3.842494000000000187e-01 -7.720100000000000406e+00
2.936345719999999915e+01 -3.842522999999999911e-01 -9.160600000000000520e+00
2.936397679999999966e+01 -4.267495000000000038e-01 -9.112199999999999633e+00
2.936444960000000037e+01 -3.842537999999999787e-01 -7.922100000000000364e+00
2.936478659999999863e+01 -3.842542999999999931e-01 -7.772599999999999731e+00
2.936713569999999862e+01 -3.842605000000000048e-01 -9.168499999999999872e+00
2.936535579999999968e+01 -3.842502999999999891e-01 -7.930500000000000327e+00
2.936583170000000109e+01 -3.842702000000000062e-01 -8.064700000000000202e+00
2.936729589999999845e+01 -4.377021999999999857e-01 -9.735699999999999577e+00
2.936821540000000041e+01 -3.842808999999999808e-01 -8.035000000000000142e+00
2.936921759999999892e+01 -3.968405999999999878e-01 -9.089399999999999480e+00
2.936859499999999912e+01 -3.842629000000000183e-01 -8.141000000000000014e+00
2.936920130000000029e+01 -3.842579999999999885e-01 -8.780499999999999972e+00
2.936900280000000052e+01 -3.441233000000000208e-01 -8.284700000000000841e+00
2.937198929999999919e+01 -3.933988999999999958e-01 -1.277059999999999995e+01
2.936964940000000013e+01 -3.842584000000000000e-01 -7.627500000000000391e+00
2.937037850000000105e+01 -3.842720000000000025e-01 -8.814099999999999824e+00
2.937060059999999950e+01 -4.671933999999999809e-01 -8.473599999999999355e+00
2.937089590000000072e+01 -3.842632999999999743e-01 -8.105800000000000338e+00
2.937138530000000003e+01 -3.842415000000000136e-01 -7.842999999999999972e+00
2.937257689999999855e+01 -3.842746000000000217e-01 -8.878099999999999881e+00
2.937201969999999918e+01 -3.842650000000000232e-01 -7.410199999999999676e+00
2.937336589999999958e+01 -4.672239000000000253e-01 -8.885300000000000864e+00
2.937386419999999987e+01 -3.546219999999999928e-01 -8.479400000000000048e+00
2.937361179999999905e+01 -3.842748999999999748e-01 -7.900599999999999845e+00
2.937348169999999925e+01 -4.752711000000000019e-01 -6.683399999999999785e+00
2.937530299999999883e+01 -4.074732999999999827e-01 -9.708299999999999486e+00
2.937606930000000105e+01 -4.226211999999999747e-01 -1.131910000000000061e+01
2.937392219999999909e+01 -3.842664000000000080e-01 -7.424000000000000377e+00
2.937484369999999956e+01 -4.429666999999999910e-01 -9.208600000000000563e+00
2.937388980000000060e+01 -4.585372999999999810e-01 -7.058500000000000441e+00
2.937500770000000117e+01 -3.556818999999999953e-01 -7.958700000000000330e+00
2.937545539999999988e+01 -4.869315000000000171e-01 -8.468600000000000350e+00
2.937699040000000039e+01 -3.842863000000000251e-01 -9.266000000000000014e+00
2.937914879999999940e+01 -4.360203000000000273e-01 -1.428250000000000064e+01
2.937741480000000038e+01 -3.822836000000000012e-01 -1.035120000000000040e+01
2.937648899999999941e+01 -3.833532000000000051e-01 -7.665899999999999714e+00
2.937925650000000033e+01 -3.842655999999999850e-01 -8.393299999999999983e+00
2.937986019999999954e+01 -3.842866999999999811e-01 -8.352399999999999380e+00
2.938135430000000170e+01 -4.638925999999999883e-01 -9.186799999999999855e+00
2.938057329999999823e+01 -3.842723000000000111e-01 -8.009000000000000341e+00
2.938111290000000153e+01 -3.842730999999999786e-01 -8.730900000000000105e+00
2.938495079999999859e+01 -4.772171000000000052e-01 -1.494599999999999973e+01
2.938132739999999998e+01 -4.230609000000000175e-01 -8.993299999999999628e+00
2.938312510000000088e+01 -4.723954000000000208e-01 -1.035529999999999973e+01
2.938172570000000050e+01 -3.842831999999999915e-01 -8.108900000000000219e+00
2.938204410000000166e+01 -3.842799000000000076e-01 -7.657300000000000217e+00
2.938229139999999973e+01 -3.842617999999999867e-01 -7.542799999999999727e+00
2.938287270000000007e+01 -4.623310999999999948e-01 -8.506500000000000838e+00
2.938362820000000042e+01 -3.508934000000000220e-01 -8.861700000000000799e+00
2.938308299999999917e+01 -3.842813999999999952e-01 -7.571100000000000385e+00
2.938476220000000083e+01 -3.842868999999999868e-01 -8.653200000000000003e+00
2.938326400000000049e+01 -3.578230000000000022e-01 -7.557400000000000340e+00
2.938380700000000090e+01 -3.842829999999999857e-01 -7.161200000000000010e+00
2.938547949999999886e+01 -3.842765000000000208e-01 -8.690599999999999881e+00
2.938568100000000172e+01 -4.345258000000000176e-01 -7.126199999999999868e+00
2.938722690000000171e+01 -3.842968999999999968e-01 -8.720100000000000406e+00
2.938903180000000148e+01 -4.552139000000000046e-01 -1.234759999999999991e+01
2.938869610000000065e+01 -3.973024000000000000e-01 -1.033339999999999925e+01
2.938712969999999913e+01 -3.449222000000000121e-01 -7.878199999999999648e+00
2.938708869999999962e+01 -4.067375999999999769e-01 -8.530400000000000205e+00
2.938916809999999913e+01 -3.870761999999999814e-01 -1.080959999999999965e+01
2.938884189999999919e+01 -3.509516999999999776e-01 -9.474399999999999267e+00
2.938760089999999892e+01 -3.842881000000000213e-01 -7.334600000000000009e+00
2.938791910000000129e+01 -3.842807999999999780e-01 -7.814600000000000435e+00
2.938886400000000165e+01 -3.895426000000000166e-01 -9.044000000000000483e+00
2.939004020000000139e+01 -3.842872999999999983e-01 -8.822499999999999787e+00
2.938908590000000132e+01 -3.842905999999999822e-01 -7.804599999999999760e+00
2.939157930000000007e+01 -4.313767000000000018e-01 -1.028979999999999961e+01
2.939068260000000166e+01 -3.842779000000000056e-01 -7.955000000000000071e+00
2.939327289999999948e+01 -3.843009000000000008e-01 -8.813100000000000378e+00
2.939183960000000084e+01 -3.564397000000000260e-01 -9.137000000000000455e+00
2.939242210000000100e+01 -3.842953000000000063e-01 -8.903800000000000381e+00
2.939188460000000092e+01 -4.500983000000000067e-01 -8.623400000000000176e+00
2.939217779999999891e+01 -4.300357000000000207e-01 -1.251870000000000083e+01
2.939310980000000129e+01 -3.472651999999999961e-01 -9.787599999999999412e+00
2.939394610000000085e+01 -3.842964999999999853e-01 -8.705899999999999750e+00
2.939484519999999890e+01 -3.842988999999999988e-01 -8.972500000000000142e+00
2.939440600000000003e+01 -3.842990000000000017e-01 -7.668000000000000149e+00
2.939536400000000071e+01 -4.444504000000000232e-01 -7.483699999999999797e+00
2.939609169999999949e+01 -3.843006999999999951e-01 -8.177300000000000679e+00
2.939545150000000007e+01 -3.582720999999999822e-01 -6.712299999999999933e+00
2.939646769999999876e+01 -3.843013000000000123e-01 -8.085100000000000620e+00
2.939682649999999953e+01 -3.678792000000000173e-01 -8.679100000000000037e+00
2.939802949999999981e+01 -4.131733000000000211e-01 -8.996900000000000119e+00
2.939862589999999898e+01 -3.843044999999999933e-01 -8.737600000000000477e+00
2.939730760000000132e+01 -3.843092000000000175e-01 -8.246100000000000207e+00
2.939800299999999922e+01 -3.843035000000000201e-01 -8.783400000000000318e+00
2.939761019999999903e+01 -4.428635000000000210e-01 -8.220800000000000551e+00
2.939779890000000151e+01 -3.626284000000000174e-01 -7.651600000000000179e+00
2.939876680000000064e+01 -3.750916000000000250e-01 -8.141799999999999926e+00
2.939930340000000086e+01 -3.843055000000000221e-01 -9.090999999999999304e+00
2.939780539999999931e+01 -4.624859000000000053e-01 -6.986100000000000421e+00
2.940138179999999934e+01 -3.924718999999999847e-01 -1.177439999999999998e+01
2.939987749999999878e+01 -3.843062999999999896e-01 -8.381099999999999994e+00
2.940192869999999914e+01 -3.952937999999999730e-01 -1.053539999999999921e+01
2.940077110000000005e+01 -3.843095000000000261e-01 -9.053699999999999193e+00
2.940206480000000155e+01 -3.769334999999999769e-01 -9.965899999999999537e+00
2.940178249999999949e+01 -3.843091000000000146e-01 -8.625099999999999767e+00
2.940248169999999917e+01 -3.843204000000000065e-01 -8.167699999999999960e+00
2.940345310000000012e+01 -3.843115999999999755e-01 -7.881300000000000416e+00
2.940359550000000155e+01 -4.036035000000000039e-01 -7.982800000000000118e+00
2.940309759999999883e+01 -3.843112000000000195e-01 -7.813100000000000378e+00
2.940527480000000082e+01 -3.843082999999999916e-01 -9.385300000000000864e+00
2.940402620000000056e+01 -3.843123999999999985e-01 -8.323600000000000776e+00
2.940398760000000067e+01 -3.436081000000000274e-01 -7.440800000000000303e+00
2.940458179999999899e+01 -4.831708000000000114e-01 -8.326100000000000279e+00
2.940398760000000067e+01 -4.693627000000000216e-01 -9.132999999999999119e+00
2.940436040000000162e+01 -3.843129000000000128e-01 -7.884999999999999787e+00
2.940771450000000087e+01 -3.655849999999999933e-01 -1.208559999999999945e+01
2.940751799999999960e+01 -3.852755999999999958e-01 -1.150380000000000003e+01
2.940581260000000086e+01 -3.851743000000000250e-01 -8.090799999999999770e+00
2.940788960000000074e+01 -4.539066999999999963e-01 -9.219799999999999329e+00
2.940667300000000139e+01 -3.843213999999999797e-01 -8.524599999999999511e+00
2.940626839999999831e+01 -4.578366999999999853e-01 -7.059400000000000119e+00
2.940725760000000122e+01 -3.843028000000000000e-01 -8.657600000000000406e+00
2.940830190000000144e+01 -3.843281000000000058e-01 -8.874299999999999855e+00
2.940789249999999910e+01 -3.775209999999999955e-01 -8.160299999999999443e+00
2.940785040000000095e+01 -4.691951999999999789e-01 -7.970900000000000318e+00
2.940929530000000014e+01 -4.686048999999999909e-01 -9.265499999999999403e+00
2.941208680000000086e+01 -3.843343000000000176e-01 -9.753800000000000026e+00
2.941058890000000048e+01 -4.802004000000000272e-01 -1.061229999999999940e+01
2.940944909999999979e+01 -3.843217999999999912e-01 -8.437699999999999534e+00
2.941097449999999824e+01 -4.828200000000000269e-01 -1.068890000000000029e+01
2.940998109999999954e+01 -3.843192999999999748e-01 -8.531599999999999184e+00
2.941098189999999946e+01 -3.811846999999999874e-01 -8.635500000000000398e+00
2.941157420000000045e+01 -4.160482999999999820e-01 -8.172100000000000364e+00
2.941114749999999844e+01 -3.843268000000000240e-01 -8.243999999999999773e+00
2.941136780000000073e+01 -4.005895999999999901e-01 -8.178800000000000736e+00
2.941174270000000135e+01 -4.167071999999999998e-01 -8.278100000000000236e+00
2.941226809999999858e+01 -3.988392000000000048e-01 -6.850600000000000023e+00
2.941344020000000015e+01 -3.843276999999999943e-01 -8.831500000000000128e+00
2.941362700000000174e+01 -4.595882000000000023e-01 -8.935700000000000642e+00
2.941404759999999996e+01 -4.904702000000000228e-01 -9.348399999999999821e+00
2.941412689999999941e+01 -3.843288999999999733e-01 -7.930799999999999628e+00
2.941512050000000045e+01 -3.843288999999999733e-01 -8.951499999999999346e+00
2.941554909999999978e+01 -3.843294999999999906e-01 -8.919999999999999929e+00
2.941523289999999946e+01 -4.834609999999999741e-01 -9.081300000000000594e+00
2.941783360000000158e+01 -4.068901999999999797e-01 -1.386539999999999928e+01
2.941676879999999983e+01 -4.043870999999999993e-01 -9.240999999999999659e+00
2.941643840000000054e+01 -3.843307999999999724e-01 -7.701100000000000279e+00
2.941862880000000047e+01 -3.718444000000000194e-01 -1.007579999999999920e+01
2.941816239999999993e+01 -3.843190000000000217e-01 -8.787100000000000577e+00
2.941936289999999943e+01 -4.335216000000000069e-01 -1.073259999999999970e+01
2.941717440000000039e+01 -3.843108000000000080e-01 -7.581599999999999895e+00
2.941908850000000086e+01 -4.317586999999999953e-01 -9.216599999999999682e+00
2.941913860000000014e+01 -3.843339000000000061e-01 -8.718500000000000583e+00
2.941860450000000071e+01 -3.843346999999999736e-01 -8.055600000000000094e+00
2.942027630000000116e+01 -4.247894999999999865e-01 -1.018159999999999954e+01
2.941992899999999977e+01 -3.843391999999999920e-01 -9.033799999999999386e+00
2.942068629999999985e+01 -3.843459000000000181e-01 -8.538800000000000168e+00
2.942143069999999838e+01 -3.843402000000000207e-01 -9.096099999999999852e+00
2.942020839999999993e+01 -3.876620000000000066e-01 -7.695100000000000051e+00
2.942171989999999937e+01 -4.300718000000000041e-01 -8.478099999999999525e+00
2.942290210000000172e+01 -3.843424999999999758e-01 -9.035299999999999443e+00
2.942227279999999823e+01 -3.843343000000000176e-01 -8.585800000000000765e+00
2.942424510000000026e+01 -3.501830000000000220e-01 -1.071809999999999974e+01
2.942429260000000113e+01 -3.843423999999999729e-01 -9.019800000000000040e+00
2.942744130000000169e+01 -3.786650999999999767e-01 -1.267580000000000062e+01
2.942479219999999884e+01 -3.596599999999999797e-01 -9.972099999999999298e+00
2.942340689999999981e+01 -4.338923000000000085e-01 -8.471199999999999619e+00
2.942346780000000095e+01 -3.843490999999999991e-01 -8.397500000000000853e+00
2.942461550000000159e+01 -3.635142000000000095e-01 -9.399200000000000443e+00
2.942491120000000038e+01 -3.843432999999999988e-01 -9.034900000000000375e+00
2.942776260000000121e+01 -4.418700999999999879e-01 -1.467379999999999995e+01
2.942578900000000175e+01 -3.843404000000000265e-01 -9.058500000000000441e+00
2.942734640000000113e+01 -3.838095000000000256e-01 -1.017489999999999917e+01
2.942487459999999899e+01 -4.081412999999999847e-01 -7.929199999999999804e+00
2.942699440000000166e+01 -3.473248999999999920e-01 -1.115109999999999957e+01
2.942614449999999948e+01 -3.774710000000000010e-01 -9.328099999999999170e+00
2.942722050000000067e+01 -3.843466999999999856e-01 -9.139599999999999724e+00
2.942843249999999955e+01 -3.776881999999999739e-01 -9.785500000000000753e+00
2.942616050000000172e+01 -4.869087000000000276e-01 -7.592100000000000293e+00
2.942999179999999981e+01 -3.843509999999999982e-01 -9.946899999999999409e+00
2.943079129999999921e+01 -4.732536999999999994e-01 -1.552839999999999954e+01
2.942904250000000133e+01 -4.372789999999999733e-01 -1.028219999999999956e+01
2.942825099999999949e+01 -3.843482999999999761e-01 -8.792699999999999960e+00
2.942770889999999895e+01 -3.843322000000000127e-01 -8.700300000000000367e+00
2.942832770000000053e+01 -4.039978000000000180e-01 -8.560999999999999943e+00
2.942867220000000117e+01 -3.843622999999999901e-01 -8.137600000000000833e+00
2.943001140000000149e+01 -4.270661000000000040e-01 -7.667300000000000004e+00
2.943034709999999876e+01 -3.719145999999999841e-01 -7.246199999999999974e+00
2.943146989999999974e+01 -4.321597999999999828e-01 -8.677400000000000446e+00
2.943159899999999851e+01 -3.809788000000000063e-01 -9.251099999999999213e+00
2.943106029999999862e+01 -3.688162999999999858e-01 -7.777899999999999814e+00
2.943101280000000131e+01 -3.843695999999999779e-01 -7.793700000000000294e+00
2.943137700000000123e+01 -3.843536000000000175e-01 -8.338400000000000034e+00
2.943217980000000011e+01 -4.439992999999999856e-01 -9.304999999999999716e+00
2.943194079999999957e+01 -3.843537000000000203e-01 -8.224700000000000344e+00
2.943263359999999906e+01 -3.843546999999999936e-01 -8.908799999999999386e+00
2.943155249999999867e+01 -3.647265000000000090e-01 -7.757299999999999862e+00
2.943327939999999998e+01 -3.878551000000000082e-01 -9.521499999999999631e+00
2.943331909999999851e+01 -3.615204000000000195e-01 -9.341400000000000148e+00
2.943222889999999836e+01 -3.843409999999999882e-01 -8.140000000000000568e+00
2.943330900000000128e+01 -3.885717000000000199e-01 -9.278299999999999770e+00
2.943673160000000166e+01 -3.715049000000000268e-01 -1.269759999999999955e+01
2.943353079999999977e+01 -3.843352999999999908e-01 -8.332499999999999574e+00
2.943287480000000045e+01 -4.047399999999999887e-01 -7.066300000000000026e+00
2.943467240000000018e+01 -3.843578000000000272e-01 -8.731899999999999551e+00
2.943479579999999984e+01 -3.614781000000000244e-01 -1.019749999999999979e+01
2.943388149999999825e+01 -4.343548999999999882e-01 -8.934799999999999187e+00
2.943379489999999876e+01 -3.666215999999999919e-01 -7.910899999999999821e+00
2.943416930000000065e+01 -3.843570000000000042e-01 -8.202600000000000335e+00
2.943470800000000054e+01 -3.850725999999999871e-01 -9.374800000000000466e+00
2.943524239999999992e+01 -3.620511000000000146e-01 -8.088400000000000034e+00
2.943552650000000170e+01 -3.441349000000000213e-01 -7.959600000000000009e+00
2.943548069999999939e+01 -3.843575000000000186e-01 -7.729700000000000237e+00
2.943738739999999865e+01 -3.440513000000000043e-01 -1.024080000000000013e+01
2.943585459999999898e+01 -3.843595000000000206e-01 -8.129400000000000404e+00
2.943680279999999883e+01 -3.843609000000000053e-01 -8.448100000000000165e+00
2.943625720000000001e+01 -3.843600999999999823e-01 -8.224500000000000810e+00
2.943763429999999914e+01 -3.843700999999999923e-01 -9.131600000000000605e+00
2.943624820000000142e+01 -4.535217999999999750e-01 -8.174400000000000333e+00
2.943679589999999990e+01 -3.762262000000000106e-01 -8.170899999999999608e+00
2.943858669999999833e+01 -3.843635000000000246e-01 -8.596899999999999764e+00
2.943919070000000104e+01 -3.843732999999999733e-01 -9.007999999999999119e+00
2.943905780000000050e+01 -4.461253000000000024e-01 -9.243999999999999773e+00
2.943876530000000002e+01 -4.504079999999999750e-01 -6.977899999999999991e+00
2.944076839999999962e+01 -3.843667000000000056e-01 -8.974199999999999733e+00
2.944036649999999966e+01 -4.568143000000000065e-01 -1.117350000000000065e+01
2.944020270000000039e+01 -3.843658999999999826e-01 -8.380100000000000549e+00
2.944034200000000112e+01 -4.736051000000000011e-01 -8.650999999999999801e+00
2.944235370000000174e+01 -3.659667999999999810e-01 -1.005889999999999951e+01
2.944125430000000065e+01 -3.843781000000000003e-01 -8.399399999999999977e+00
2.944224990000000020e+01 -3.843689000000000133e-01 -8.902300000000000324e+00
2.944173350000000156e+01 -3.843900000000000095e-01 -8.532299999999999329e+00
2.944303629999999927e+01 -3.806150999999999840e-01 -1.048930000000000007e+01
2.944387730000000047e+01 -3.843822000000000072e-01 -9.181900000000000617e+00
2.944272429999999829e+01 -4.357920000000000127e-01 -1.068069999999999986e+01
2.944290279999999882e+01 -3.843698999999999866e-01 -9.167699999999999960e+00
2.944225240000000099e+01 -4.356040999999999941e-01 -8.801000000000000156e+00
2.944425920000000119e+01 -3.601492000000000027e-01 -1.094880000000000031e+01
2.944498600000000010e+01 -3.843764000000000070e-01 -9.320600000000000662e+00
2.944345510000000132e+01 -3.612377999999999978e-01 -8.238099999999999312e+00
2.944392129999999952e+01 -3.891101000000000143e-01 -8.615700000000000358e+00
2.944776889999999980e+01 -4.609635000000000260e-01 -1.162260000000000026e+01
2.944620030000000099e+01 -3.843748000000000165e-01 -8.591900000000000759e+00
2.944562459999999859e+01 -3.649640000000000106e-01 -9.126599999999999824e+00
2.944643639999999962e+01 -4.104529000000000094e-01 -9.485200000000000742e+00
2.944733719999999977e+01 -3.843905000000000238e-01 -9.239499999999999602e+00
2.944660439999999824e+01 -3.843753999999999782e-01 -8.218500000000000583e+00
2.944800199999999890e+01 -3.843773999999999802e-01 -8.411300000000000665e+00
2.944876770000000121e+01 -3.843785000000000118e-01 -8.639900000000000801e+00
2.944976610000000150e+01 -3.843789000000000233e-01 -8.681800000000000850e+00
2.945133089999999854e+01 -3.454331999999999958e-01 -1.082540000000000013e+01
2.945035890000000123e+01 -3.843902000000000152e-01 -8.602000000000000313e+00
2.945033480000000026e+01 -4.325916000000000206e-01 -7.576600000000000001e+00
2.945087249999999912e+01 -3.843816999999999928e-01 -8.477199999999999847e+00
2.945132449999999835e+01 -3.843946999999999781e-01 -8.605000000000000426e+00
2.945116889999999898e+01 -3.917897000000000185e-01 -7.910700000000000287e+00
2.945177320000000165e+01 -3.843974000000000002e-01 -8.357100000000000861e+00
2.945244320000000116e+01 -3.843829000000000273e-01 -7.974400000000000155e+00
2.945412250000000043e+01 -4.143331000000000097e-01 -9.597799999999999443e+00
2.945311990000000080e+01 -3.843854999999999911e-01 -8.228500000000000369e+00
2.945454889999999892e+01 -3.843870999999999816e-01 -8.721399999999999153e+00
2.945556810000000070e+01 -3.843886000000000247e-01 -8.805199999999999250e+00
2.945704789999999917e+01 -3.963619999999999921e-01 -1.206320000000000014e+01
2.945643610000000123e+01 -3.632456000000000018e-01 -9.979599999999999582e+00
2.945659050000000079e+01 -4.179188999999999821e-01 -1.043079999999999963e+01
2.945495749999999902e+01 -3.843876999999999988e-01 -8.671200000000000685e+00
2.945568390000000036e+01 -3.917907999999999946e-01 -7.482000000000000206e+00
2.945871659999999892e+01 -3.979983999999999744e-01 -1.099409999999999954e+01
2.945688080000000042e+01 -3.843905000000000238e-01 -8.140100000000000335e+00
2.945597509999999986e+01 -3.506310999999999733e-01 -6.893600000000000172e+00
2.945649650000000008e+01 -3.843825000000000158e-01 -7.947099999999999831e+00
2.945819579999999860e+01 -3.843924000000000230e-01 -8.622700000000000031e+00
2.945722070000000059e+01 -3.843909999999999827e-01 -8.174200000000000799e+00
2.945679979999999887e+01 -4.338565999999999812e-01 -7.035999999999999588e+00
2.945768520000000024e+01 -3.843917000000000028e-01 -8.598800000000000665e+00
2.945723830000000021e+01 -3.489379000000000230e-01 -6.737000000000000099e+00
2.945736780000000010e+01 -4.369430000000000258e-01 -6.608999999999999986e+00
2.945777130000000099e+01 -4.814360999999999779e-01 -7.634000000000000341e+00
2.945911110000000122e+01 -3.843925000000000258e-01 -8.933600000000000207e+00
2.946028379999999913e+01 -4.895652999999999810e-01 -9.884800000000000253e+00
2.945995269999999877e+01 -3.475018000000000273e-01 -9.723300000000000054e+00
2.945977320000000077e+01 -3.843887999999999749e-01 -8.262000000000000455e+00
2.946066190000000162e+01 -3.843983999999999734e-01 -8.994799999999999685e+00
2.946203810000000090e+01 -3.906304999999999916e-01 -9.834500000000000242e+00
2.946064730000000154e+01 -3.518518999999999952e-01 -8.138600000000000279e+00
2.946282439999999880e+01 -4.533116999999999841e-01 -1.064620000000000033e+01
2.946076130000000148e+01 -3.883414000000000033e-01 -1.060210000000000008e+01
2.946158900000000003e+01 -3.843975000000000031e-01 -8.474199999999999733e+00
2.946099609999999913e+01 -3.883419000000000176e-01 -9.687300000000000466e+00
2.946472959999999830e+01 -4.107869000000000104e-01 -1.074949999999999939e+01
2.946341849999999951e+01 -3.458934000000000175e-01 -1.070770000000000088e+01
2.946140019999999993e+01 -3.883376000000000050e-01 -8.319599999999999440e+00
2.946130880000000118e+01 -4.782930000000000237e-01 -6.945999999999999730e+00
2.946255749999999907e+01 -3.843919000000000086e-01 -8.713100000000000733e+00
2.946206210000000070e+01 -3.844025999999999832e-01 -8.260600000000000165e+00
2.946203999999999823e+01 -3.883462999999999776e-01 -8.550599999999999312e+00
2.946410970000000162e+01 -3.844060000000000255e-01 -8.892500000000000071e+00
2.946250279999999933e+01 -3.883450999999999986e-01 -9.357900000000000773e+00
2.946470439999999869e+01 -4.137990999999999753e-01 -1.003739999999999988e+01
2.946575049999999862e+01 -4.883123999999999798e-01 -1.085369999999999990e+01
2.946300880000000078e+01 -3.883461000000000274e-01 -8.860200000000000742e+00
2.946354219999999913e+01 -3.844002999999999726e-01 -8.201200000000000045e+00
2.946553349999999938e+01 -3.844025999999999832e-01 -9.403200000000000003e+00
2.946405400000000085e+01 -3.883481999999999768e-01 -9.255300000000000082e+00
2.946471920000000111e+01 -3.844090000000000007e-01 -8.256600000000000605e+00
2.946526929999999922e+01 -4.564691000000000165e-01 -8.290100000000000691e+00
2.946767780000000059e+01 -4.742883999999999989e-01 -1.038400000000000034e+01
2.946628790000000109e+01 -3.843997000000000108e-01 -8.250999999999999446e+00
2.946597879999999847e+01 -3.883482999999999796e-01 -9.257600000000000051e+00
2.946679809999999833e+01 -3.844101999999999797e-01 -8.396599999999999397e+00
2.946774170000000126e+01 -3.844169000000000058e-01 -8.538100000000000023e+00
2.946882319999999922e+01 -3.844014000000000042e-01 -8.720599999999999241e+00
2.946940190000000115e+01 -4.079118999999999939e-01 -1.038369999999999926e+01
2.946821930000000123e+01 -4.405011999999999817e-01 -8.776600000000000179e+00
2.946837220000000102e+01 -3.853573000000000137e-01 -1.019180000000000064e+01
2.946932819999999964e+01 -3.844087999999999949e-01 -8.036500000000000199e+00
2.946961590000000086e+01 -3.844093000000000093e-01 -8.326299999999999812e+00
2.947010769999999980e+01 -3.844098000000000237e-01 -8.159299999999999997e+00
2.947073109999999829e+01 -3.844077000000000188e-01 -9.046200000000000685e+00
2.947062550000000059e+01 -4.457150999999999752e-01 -1.280840000000000067e+01
2.947005449999999982e+01 -3.889271000000000256e-01 -6.702899999999999636e+00
2.947121930000000134e+01 -4.457160000000000011e-01 -1.319059999999999988e+01
2.947284850000000134e+01 -3.458547000000000149e-01 -1.097029999999999994e+01
2.947081179999999989e+01 -3.863839000000000024e-01 -1.168190000000000062e+01
2.947303619999999924e+01 -4.331052000000000235e-01 -1.127519999999999989e+01
2.947284240000000111e+01 -3.844139999999999779e-01 -8.365899999999999892e+00
2.947224500000000091e+01 -3.844131000000000076e-01 -8.832399999999999807e+00
2.947143249999999881e+01 -3.965985000000000205e-01 -9.588300000000000267e+00
2.947140770000000032e+01 -3.844154000000000182e-01 -7.962799999999999656e+00
2.947232380000000163e+01 -3.456868000000000163e-01 -9.039099999999999469e+00
2.947348960000000062e+01 -3.844150000000000067e-01 -8.959400000000000475e+00
2.947410969999999963e+01 -4.313930999999999738e-01 -9.431900000000000617e+00
2.947302039999999934e+01 -3.883583999999999925e-01 -7.833700000000000330e+00
2.947477969999999914e+01 -3.844169000000000058e-01 -1.139499999999999957e+01
2.947342039999999841e+01 -3.907850999999999964e-01 -6.907099999999999795e+00
2.947459669999999932e+01 -4.858232000000000106e-01 -8.483499999999999375e+00
2.947389539999999997e+01 -3.883590000000000098e-01 -8.890499999999999403e+00
2.947427139999999923e+01 -3.883651000000000186e-01 -8.699899999999999523e+00
2.947625499999999832e+01 -3.796089999999999742e-01 -9.453900000000000858e+00
2.947737760000000051e+01 -4.099161000000000055e-01 -1.107540000000000013e+01
2.947667780000000093e+01 -3.816483999999999988e-01 -9.619199999999999307e+00
2.947731309999999993e+01 -3.889263000000000026e-01 -9.625299999999999301e+00
2.947657149999999859e+01 -3.883611000000000146e-01 -8.650900000000000034e+00
2.947870310000000060e+01 -4.897908000000000261e-01 -9.512000000000000455e+00
2.947800750000000036e+01 -4.598009000000000124e-01 -8.791600000000000747e+00
2.947840559999999854e+01 -4.346338000000000146e-01 -9.576800000000000423e+00
2.948052350000000033e+01 -4.842449999999999810e-01 -9.980800000000000338e+00
2.948152609999999996e+01 -3.430073000000000150e-01 -1.058830000000000027e+01
2.948217789999999994e+01 -3.736340000000000217e-01 -1.061759999999999948e+01
2.948105809999999849e+01 -3.883750000000000258e-01 -8.924300000000000566e+00
2.948120270000000076e+01 -4.140696999999999850e-01 -8.767599999999999838e+00
2.948310250000000110e+01 -3.760942999999999925e-01 -9.005699999999999150e+00
2.948472320000000124e+01 -4.554592000000000085e-01 -1.172209999999999930e+01
2.948552069999999858e+01 -4.535041000000000211e-01 -1.056980000000000075e+01
2.948568309999999926e+01 -4.857168000000000041e-01 -1.149310000000000009e+01
2.948590829999999841e+01 -4.374316999999999789e-01 -1.180240000000000045e+01
2.948438840000000027e+01 -3.528755000000000086e-01 -8.079800000000000537e+00
2.948613100000000031e+01 -4.815805000000000224e-01 -9.818699999999999761e+00
2.948534360000000021e+01 -3.534513000000000238e-01 -1.213119999999999976e+01
2.948531880000000172e+01 -3.501062999999999814e-01 -6.495599999999999596e+00
2.948869990000000030e+01 -3.883829999999999782e-01 -1.386790000000000056e+01
2.948715950000000063e+01 -3.460283000000000109e-01 -8.148400000000000531e+00
2.948745570000000171e+01 -3.996430000000000260e-01 -8.458899999999999864e+00
2.948800149999999931e+01 -3.934535000000000116e-01 -9.213900000000000645e+00
2.948856389999999905e+01 -4.281455000000000122e-01 -9.624900000000000233e+00
2.949075360000000146e+01 -4.312352999999999881e-01 -1.290399999999999991e+01
2.949057060000000163e+01 -3.883857000000000004e-01 -1.404439999999999955e+01
2.949018799999999985e+01 -4.461796000000000095e-01 -9.907299999999999329e+00
2.949023760000000038e+01 -4.158542000000000072e-01 -1.033840000000000003e+01
2.948834490000000130e+01 -3.828300000000000036e-01 -7.120899999999999785e+00
2.948933960000000098e+01 -4.239292000000000060e-01 -8.603199999999999292e+00
2.949094140000000053e+01 -4.672005000000000186e-01 -8.551899999999999835e+00
2.949093630000000132e+01 -3.831982999999999917e-01 -1.168449999999999989e+01
2.949139650000000046e+01 -3.828194999999999792e-01 -9.113799999999999457e+00
2.949150960000000055e+01 -3.886007000000000211e-01 -8.093500000000000583e+00
2.949345609999999951e+01 -3.891936999999999758e-01 -1.226009999999999955e+01
2.949567400000000106e+01 -4.400928000000000062e-01 -8.485300000000000509e+00
2.949723519999999866e+01 -4.079441999999999791e-01 -9.856199999999999406e+00
2.950026719999999969e+01 -3.739402000000000004e-01 -1.203950000000000031e+01
2.949739969999999900e+01 -4.036442000000000085e-01 -1.123670000000000080e+01
2.949783740000000165e+01 -4.047270000000000034e-01 -1.160139999999999993e+01
2.949971969999999999e+01 -4.302909999999999791e-01 -6.812199999999999811e+00
2.949993059999999900e+01 -4.370492000000000266e-01 -6.928399999999999892e+00
2.950154290000000046e+01 -3.983655999999999864e-01 -1.042570000000000086e+01
2.950440580000000068e+01 -4.694075999999999804e-01 -1.173300000000000054e+01
2.950173189999999934e+01 -3.979751000000000261e-01 -1.018149999999999977e+01
2.950115560000000059e+01 -4.286227000000000231e-01 -7.162700000000000067e+00
2.950117380000000011e+01 -4.621413999999999800e-01 -6.673199999999999577e+00
2.950190110000000132e+01 -3.976197000000000203e-01 -1.047100000000000009e+01
2.950617689999999982e+01 -4.476967000000000030e-01 -1.121149999999999913e+01
2.950671549999999854e+01 -4.645018000000000202e-01 -1.150789999999999935e+01
2.953095259999999911e+01 -4.199902999999999831e-01 -2.010340000000000060e+01
2.950708360000000141e+01 -4.320888999999999980e-01 -9.670600000000000307e+00
2.950572139999999877e+01 -4.363265000000000060e-01 -8.429199999999999804e+00
2.950766369999999839e+01 -4.857697999999999738e-01 -9.362600000000000477e+00
2.950719989999999981e+01 -4.856180999999999970e-01 -6.811899999999999622e+00
2.950854689999999891e+01 -4.523409999999999931e-01 -8.086999999999999744e+00
2.951195089999999865e+01 -3.872965999999999909e-01 -1.227829999999999977e+01
2.950943600000000089e+01 -3.749462000000000073e-01 -7.345799999999999663e+00
2.951072920000000011e+01 -3.906311000000000089e-01 -8.544000000000000483e+00
2.951321619999999868e+01 -4.796671000000000129e-01 -9.149900000000000588e+00
2.951349769999999850e+01 -4.835810999999999860e-01 -1.068169999999999931e+01
2.951165370000000010e+01 -4.015865000000000129e-01 -6.876599999999999824e+00
2.951479009999999903e+01 -4.288716000000000195e-01 -1.177549999999999919e+01
2.951249809999999840e+01 -4.793575999999999948e-01 -7.842900000000000205e+00
2.951251900000000106e+01 -4.141716999999999760e-01 -7.310900000000000176e+00
2.951303250000000133e+01 -4.659650000000000181e-01 -7.441699999999999982e+00
2.951438860000000020e+01 -3.461552999999999991e-01 -6.989799999999999791e+00
2.951629150000000124e+01 -4.187548999999999855e-01 -1.011909999999999954e+01
2.951548490000000058e+01 -4.684220000000000050e-01 -8.802300000000000679e+00
2.951622550000000089e+01 -4.411861000000000255e-01 -8.767699999999999605e+00
2.951680119999999974e+01 -4.187062999999999757e-01 -9.930199999999999250e+00
2.951912370000000152e+01 -3.519938000000000233e-01 -1.437330000000000041e+01
2.951837910000000065e+01 -4.883133000000000057e-01 -1.070940000000000047e+01
2.951720789999999894e+01 -4.793556999999999957e-01 -9.350699999999999790e+00
2.951889609999999919e+01 -4.206204000000000054e-01 -1.044139999999999979e+01
2.952151290000000117e+01 -4.812139999999999751e-01 -1.232399999999999984e+01
2.951955979999999968e+01 -4.781768000000000129e-01 -8.237800000000000011e+00
2.952175240000000045e+01 -4.210907999999999873e-01 -1.125040000000000084e+01
2.952170500000000075e+01 -4.129673999999999845e-01 -1.047129999999999939e+01
2.952013330000000124e+01 -4.324530999999999792e-01 -7.434199999999999697e+00
2.952064090000000007e+01 -3.820738000000000190e-01 -7.362099999999999866e+00
2.953094450000000037e+01 -4.141296999999999895e-01 -1.143299999999999983e+01
2.952470740000000049e+01 -4.286955000000000071e-01 -1.314059999999999917e+01
2.952358900000000119e+01 -3.866787999999999892e-01 -8.207399999999999807e+00
2.952709809999999990e+01 -4.044640999999999931e-01 -1.397920000000000051e+01
2.952766210000000058e+01 -4.141202999999999967e-01 -9.189899999999999736e+00
2.952855770000000035e+01 -3.848088000000000064e-01 -1.359430000000000049e+01
2.952756120000000095e+01 -4.900982999999999867e-01 -9.482200000000000628e+00
2.952874149999999887e+01 -4.141201999999999939e-01 -1.001939999999999920e+01
2.952841610000000117e+01 -4.048261000000000220e-01 -9.805099999999999483e+00
2.952692839999999919e+01 -4.667242999999999808e-01 -7.790899999999999714e+00
2.952790450000000178e+01 -4.507473000000000174e-01 -7.732800000000000118e+00
2.953025720000000121e+01 -3.568845999999999963e-01 -1.041830000000000034e+01
2.953389729999999957e+01 -4.141215999999999786e-01 -1.009650000000000070e+01
2.953059199999999862e+01 -4.408482000000000234e-01 -1.071170000000000044e+01
2.952905850000000143e+01 -4.379840999999999873e-01 -8.093700000000000117e+00
2.953096460000000079e+01 -4.580249000000000126e-01 -1.109950000000000081e+01
2.952978459999999927e+01 -3.567833999999999728e-01 -8.381700000000000372e+00
2.953290369999999854e+01 -3.548189999999999955e-01 -1.031900000000000084e+01
2.953103480000000047e+01 -3.900178000000000256e-01 -7.766499999999999737e+00
2.953156889999999990e+01 -4.165040999999999882e-01 -8.083700000000000330e+00
2.953267740000000074e+01 -4.141758999999999857e-01 -9.050900000000000389e+00
2.953188829999999854e+01 -4.164030000000000231e-01 -6.893500000000000405e+00
2.953449829999999920e+01 -4.310564000000000062e-01 -9.995100000000000762e+00
2.953382739999999984e+01 -4.180239000000000038e-01 -8.513899999999999579e+00
2.953257079999999846e+01 -3.845041000000000153e-01 -7.860100000000000087e+00
2.953538329999999945e+01 -4.141751000000000182e-01 -9.141299999999999315e+00
2.953687670000000054e+01 -4.830679999999999974e-01 -1.326149999999999984e+01
2.953624849999999924e+01 -4.421401999999999832e-01 -1.119560000000000066e+01
2.953450090000000117e+01 -4.351898000000000155e-01 -7.245099999999999874e+00
2.953552120000000158e+01 -4.806807000000000163e-01 -9.404299999999999216e+00
2.953837139999999906e+01 -4.220771999999999857e-01 -1.144849999999999923e+01
2.953930199999999928e+01 -3.832693999999999823e-01 -7.418700000000000294e+00
2.954113449999999830e+01 -4.607988000000000084e-01 -1.068650000000000055e+01
2.953894800000000131e+01 -4.343857999999999886e-01 -6.840499999999999581e+00
2.932623530000000045e+01 -3.420283000000000073e-01 -1.274690000000000012e+01
2.933308050000000122e+01 -3.420370999999999828e-01 -1.227059999999999995e+01
2.953149570000000068e+01 -3.423132999999999870e-01 -1.340160000000000018e+01
2.950986479999999901e+01 -3.422910000000000119e-01 -1.380680000000000085e+01
2.949263600000000096e+01 -3.422491999999999757e-01 -1.268169999999999931e+01
2.947540610000000072e+01 -3.422325999999999979e-01 -1.415629999999999988e+01
2.956696510000000089e+01 -3.423682000000000114e-01 -1.362480000000000047e+01
2.954996149999999844e+01 -3.423448000000000047e-01 -1.318510000000000026e+01
2.941780160000000066e+01 -3.421440000000000037e-01 -1.449520000000000053e+01
2.939223700000000150e+01 -3.421119000000000243e-01 -1.355760000000000076e+01
2.939402430000000166e+01 -3.436692000000000080e-01 -1.182910000000000039e+01
2.936985849999999942e+01 -3.420629000000000031e-01 -1.348879999999999946e+01
2.935701939999999865e+01 -3.420443000000000233e-01 -1.292810000000000059e+01
2.934601479999999896e+01 -3.420365000000000211e-01 -1.341510000000000069e+01
2.953925759999999912e+01 -3.884561000000000264e-01 -7.932199999999999918e+00
2.954263299999999859e+01 -4.132177000000000211e-01 -1.363129999999999953e+01
2.954222079999999906e+01 -4.288035000000000041e-01 -9.592100000000000293e+00
2.960459369999999879e+01 -3.424272999999999900e-01 -1.339109999999999978e+01
2.954564450000000164e+01 -4.280092999999999814e-01 -1.275990000000000002e+01
2.958491850000000056e+01 -3.423853000000000035e-01 -1.302250000000000085e+01
2.954468530000000115e+01 -4.837430999999999814e-01 -8.744699999999999918e+00
2.954490489999999880e+01 -4.770956000000000086e-01 -9.158599999999999852e+00
2.954792279999999849e+01 -4.682014999999999927e-01 -1.158730000000000082e+01
2.954629479999999830e+01 -4.320890000000000009e-01 -7.710600000000000342e+00
2.954706789999999828e+01 -3.725384999999999946e-01 -8.585100000000000620e+00
2.955057389999999984e+01 -3.716535999999999729e-01 -1.401099999999999923e+01
2.954744499999999974e+01 -3.483970000000000122e-01 -7.486399999999999721e+00
2.960913940000000011e+01 -3.585087000000000135e-01 -1.062010000000000076e+01
2.949382479999999873e+01 -4.917084999999999928e-01 -1.512160000000000082e+01
2.939905590000000046e+01 -4.916023999999999949e-01 -1.634299999999999997e+01
2.961881759999999986e+01 -4.407107000000000108e-01 -1.992030000000000101e+01
2.958114649999999912e+01 -3.885206999999999966e-01 -7.467999999999999972e+00
2.956607890000000083e+01 -4.128930000000000100e-01 -7.464100000000000179e+00
2.955645679999999942e+01 -3.485904000000000225e-01 -1.208970000000000056e+01
2.960319559999999939e+01 -3.646320000000000117e-01 -7.633099999999999774e+00
2.956316460000000035e+01 -3.812942000000000276e-01 -7.902599999999999625e+00
2.955494910000000175e+01 -3.521804000000000046e-01 -6.529200000000000337e+00
2.956266390000000044e+01 -3.614380999999999844e-01 -8.237800000000000011e+00
2.955597660000000104e+01 -4.680645999999999973e-01 -7.517199999999999882e+00
2.959027620000000169e+01 -3.945903000000000049e-01 -7.755600000000000271e+00
2.958004850000000019e+01 -4.850734999999999908e-01 -8.254799999999999471e+00
2.956278599999999912e+01 -4.275478999999999807e-01 -1.348920000000000030e+01
2.959109279999999842e+01 -4.442748999999999726e-01 -1.030499999999999972e+01
2.956145120000000048e+01 -4.537095999999999907e-01 -1.118580000000000041e+01
2.957699219999999940e+01 -4.738762000000000252e-01 -1.118960000000000043e+01
2.956804920000000081e+01 -3.702282000000000073e-01 -1.049409999999999954e+01
2.955551769999999934e+01 -4.276307999999999776e-01 -1.131969999999999921e+01
2.956563230000000075e+01 -4.196882000000000112e-01 -9.521900000000000475e+00
2.960717430000000050e+01 -3.941968000000000139e-01 -9.603999999999999204e+00
2.956299479999999846e+01 -3.856878999999999724e-01 -7.752100000000000435e+00
2.959778070000000127e+01 -3.904668000000000028e-01 -1.047830000000000084e+01
2.959604560000000006e+01 -4.420596999999999999e-01 -8.027799999999999159e+00
2.956842950000000059e+01 -4.694073999999999747e-01 -1.042450000000000010e+01
2.962064480000000088e+01 -3.833881000000000094e-01 -1.579269999999999996e+01
2.959545770000000076e+01 -3.935725999999999947e-01 -7.343700000000000117e+00
2.960657480000000064e+01 -4.793422999999999989e-01 -8.605600000000000804e+00
2.955167649999999924e+01 -4.567441999999999891e-01 -9.538000000000000256e+00
2.956319399999999931e+01 -3.884851999999999750e-01 -7.597999999999999865e+00
2.955455179999999871e+01 -3.476712000000000136e-01 -6.902199999999999669e+00
2.956843680000000063e+01 -4.704351999999999978e-01 -1.454349999999999987e+01
2.957518999999999920e+01 -3.429869999999999863e-01 -8.745699999999999363e+00
2.958165629999999879e+01 -4.447073000000000276e-01 -8.215199999999999392e+00
2.955049079999999861e+01 -4.749098999999999959e-01 -6.859600000000000364e+00
2.960286119999999954e+01 -3.885503000000000151e-01 -1.146850000000000058e+01
2.956043179999999992e+01 -4.357796999999999921e-01 -9.492800000000000793e+00
2.959368819999999900e+01 -4.345736000000000043e-01 -1.044100000000000072e+01
2.956337299999999857e+01 -3.635186999999999724e-01 -1.229049999999999976e+01
2.957876990000000106e+01 -3.698267000000000082e-01 -9.552099999999999369e+00
2.956224479999999843e+01 -3.934538000000000202e-01 -8.122500000000000497e+00
2.960944250000000011e+01 -3.587041000000000257e-01 -1.000009999999999977e+01
2.959581869999999881e+01 -3.633952999999999767e-01 -1.073920000000000030e+01
2.959580890000000153e+01 -4.858744999999999870e-01 -1.058109999999999928e+01
2.955188830000000166e+01 -3.741610000000000213e-01 -1.391990000000000016e+01
2.955446919999999977e+01 -3.998282000000000225e-01 -1.032049999999999912e+01
2.955842129999999912e+01 -4.161846000000000156e-01 -8.014900000000000801e+00
2.958099530000000144e+01 -3.663018000000000107e-01 -8.611599999999999255e+00
2.958783809999999903e+01 -3.833041999999999838e-01 -7.082300000000000040e+00
2.958203040000000072e+01 -3.646460999999999730e-01 -9.927199999999999136e+00
2.960264009999999857e+01 -4.791226000000000096e-01 -7.484499999999999709e+00
2.959833409999999887e+01 -4.772703999999999835e-01 -9.644899999999999807e+00
2.960329649999999901e+01 -4.521721000000000212e-01 -1.086650000000000027e+01
2.956352700000000056e+01 -4.168360999999999872e-01 -1.060299999999999976e+01
2.959462260000000100e+01 -4.776594000000000118e-01 -9.295899999999999608e+00
2.958964160000000021e+01 -4.612666000000000266e-01 -9.055300000000000793e+00
2.958313760000000059e+01 -4.147588999999999859e-01 -8.482599999999999696e+00
2.959346130000000130e+01 -3.484721000000000068e-01 -1.544050000000000011e+01
2.957649849999999958e+01 -4.737116000000000104e-01 -9.304000000000000270e+00
2.954962989999999934e+01 -3.954692000000000207e-01 -9.948399999999999466e+00
2.959410390000000035e+01 -4.008732999999999880e-01 -9.620300000000000296e+00
2.958490409999999926e+01 -3.570941000000000254e-01 -1.074319999999999986e+01
2.956178209999999851e+01 -3.931098000000000092e-01 -1.094790000000000063e+01
2.959872659999999911e+01 -3.884169000000000094e-01 -9.856400000000000716e+00
2.959386410000000112e+01 -3.793507999999999880e-01 -9.139599999999999724e+00
2.959503039999999885e+01 -3.481881000000000004e-01 -8.526899999999999480e+00
2.955534779999999984e+01 -3.924556000000000155e-01 -9.253000000000000114e+00
2.958503539999999887e+01 -3.877787999999999791e-01 -1.074419999999999931e+01
2.959174099999999896e+01 -4.644941000000000209e-01 -7.959999999999999964e+00
2.956278349999999833e+01 -4.890034999999999799e-01 -7.337900000000000311e+00
2.955620779999999925e+01 -3.884697999999999762e-01 -7.424800000000000288e+00
2.957557830000000010e+01 -3.522953999999999808e-01 -8.054600000000000648e+00
2.958440110000000089e+01 -3.569723000000000201e-01 -9.326599999999999113e+00
2.957571039999999840e+01 -4.778645999999999727e-01 -6.984899999999999665e+00
2.956217699999999837e+01 -3.771581999999999990e-01 -1.099370000000000047e+01
2.956820790000000088e+01 -4.063767999999999825e-01 -1.217469999999999963e+01
2.961869079999999954e+01 -3.833852999999999844e-01 -1.381259999999999977e+01
2.960548419999999936e+01 -4.302041999999999811e-01 -1.078100000000000058e+01
2.958561290000000099e+01 -4.539679999999999827e-01 -1.108239999999999981e+01
2.955242300000000100e+01 -4.071080000000000254e-01 -1.138599999999999923e+01
2.955287679999999995e+01 -3.832892999999999994e-01 -7.256999999999999673e+00
2.959398350000000022e+01 -4.342415000000000025e-01 -1.062860000000000049e+01
2.958239370000000079e+01 -4.006639000000000173e-01 -9.356999999999999318e+00
2.954884759999999844e+01 -4.657656000000000018e-01 -6.866799999999999571e+00
2.959445940000000164e+01 -4.689227999999999730e-01 -1.589059999999999917e+01
2.961388799999999932e+01 -4.382363000000000230e-01 -9.139599999999999724e+00
2.960837169999999929e+01 -4.768289000000000000e-01 -8.638600000000000279e+00
2.955536120000000011e+01 -3.971289000000000069e-01 -1.077759999999999962e+01
2.960882069999999899e+01 -3.582975999999999939e-01 -1.042559999999999931e+01
2.961940660000000136e+01 -3.491534000000000026e-01 -1.640399999999999991e+01
2.957051859999999976e+01 -3.909809000000000201e-01 -7.271200000000000330e+00
2.957312310000000011e+01 -4.175474000000000130e-01 -9.647700000000000387e+00
2.956394680000000008e+01 -4.266248000000000262e-01 -1.101640000000000086e+01
2.960836210000000079e+01 -4.627657000000000020e-01 -9.118499999999999162e+00
2.959141139999999837e+01 -3.640611000000000264e-01 -1.149179999999999957e+01
2.957837149999999937e+01 -4.109299000000000146e-01 -1.131129999999999924e+01
