# from http://www.ctio.noao.edu/noao/content/dark-energy-camera-decam
#  wavelength (A) throughput
# 
3.000000000000000000e+03 8.237299999999999484e-04
3.010000000000000000e+03 1.058350000000000003e-03
3.020000000000000000e+03 1.309580000000000076e-03
3.030000000000000000e+03 1.038889999999999996e-03
3.040000000000000000e+03 1.081560000000000073e-03
3.050000000000000000e+03 1.149169999999999922e-03
3.060000000000000000e+03 1.123719999999999927e-03
3.070000000000000000e+03 1.007499999999999932e-03
3.080000000000000000e+03 1.295869999999999965e-03
3.090000000000000000e+03 1.052870000000000021e-03
3.100000000000000000e+03 1.106559999999999922e-03
3.110000000000000000e+03 1.161460000000000010e-03
3.120000000000000000e+03 9.561100000000000328e-04
3.130000000000000000e+03 1.117509999999999944e-03
3.140000000000000000e+03 8.993799999999999711e-04
3.150000000000000000e+03 1.085690000000000049e-03
3.160000000000000000e+03 8.258599999999999839e-04
3.170000000000000000e+03 9.655300000000000341e-04
3.180000000000000000e+03 9.565900000000000011e-04
3.190000000000000000e+03 8.629900000000000028e-04
3.200000000000000000e+03 9.855099999999999884e-04
3.210000000000000000e+03 9.581700000000000503e-04
3.220000000000000000e+03 7.638299999999999560e-04
3.230000000000000000e+03 8.735999999999999842e-04
3.240000000000000000e+03 1.010950000000000043e-03
3.250000000000000000e+03 9.495000000000000401e-04
3.260000000000000000e+03 1.026360000000000033e-03
3.270000000000000000e+03 1.039580000000000018e-03
3.280000000000000000e+03 8.578999999999999820e-04
3.290000000000000000e+03 8.492499999999999615e-04
3.300000000000000000e+03 9.553800000000000313e-04
3.310000000000000000e+03 9.818599999999999810e-04
3.320000000000000000e+03 1.170950000000000029e-03
3.330000000000000000e+03 1.090079999999999999e-03
3.340000000000000000e+03 9.628700000000000019e-04
3.350000000000000000e+03 1.165440000000000009e-03
3.360000000000000000e+03 9.709299999999999485e-04
3.370000000000000000e+03 1.090489999999999949e-03
3.380000000000000000e+03 1.120349999999999992e-03
3.390000000000000000e+03 9.267099999999999687e-04
3.400000000000000000e+03 1.031009999999999956e-03
3.410000000000000000e+03 1.105150000000000056e-03
3.420000000000000000e+03 8.507999999999999721e-04
3.430000000000000000e+03 9.235499999999999786e-04
3.440000000000000000e+03 9.560299999999999658e-04
3.450000000000000000e+03 9.114799999999999942e-04
3.460000000000000000e+03 9.762199999999999741e-04
3.470000000000000000e+03 9.984600000000000593e-04
3.480000000000000000e+03 9.113699999999999969e-04
3.490000000000000000e+03 1.984499999999999990e-04
3.500000000000000000e+03 9.545400000000000326e-04
3.510000000000000000e+03 1.159230000000000026e-03
3.520000000000000000e+03 1.248980000000000012e-03
3.530000000000000000e+03 1.136660000000000057e-03
3.540000000000000000e+03 7.926699999999999849e-04
3.550000000000000000e+03 9.049200000000000299e-04
3.560000000000000000e+03 9.978599999999999363e-04
3.570000000000000000e+03 1.019380000000000069e-03
3.580000000000000000e+03 1.254190000000000079e-03
3.590000000000000000e+03 8.885399999999999462e-04
3.600000000000000000e+03 1.075970000000000095e-03
3.610000000000000000e+03 1.001149999999999913e-03
3.620000000000000000e+03 1.087319999999999910e-03
3.630000000000000000e+03 1.002810000000000029e-03
3.640000000000000000e+03 9.403900000000000410e-04
3.650000000000000000e+03 9.679200000000000434e-04
3.660000000000000000e+03 9.655199999999999850e-04
3.670000000000000000e+03 9.669499999999999493e-04
3.680000000000000000e+03 8.718000000000000489e-04
3.690000000000000000e+03 1.015999999999999976e-03
3.700000000000000000e+03 1.042949999999999953e-03
3.710000000000000000e+03 1.042640000000000060e-03
3.720000000000000000e+03 8.336399999999999670e-04
3.730000000000000000e+03 1.116259999999999995e-03
3.740000000000000000e+03 9.787899999999999986e-04
3.750000000000000000e+03 1.073399999999999962e-03
3.760000000000000000e+03 9.978199999999999570e-04
3.770000000000000000e+03 1.030529999999999988e-03
3.780000000000000000e+03 9.366100000000000467e-04
3.790000000000000000e+03 7.662899999999999833e-04
3.800000000000000000e+03 1.037900000000000020e-03
3.810000000000000000e+03 1.083799999999999998e-03
3.820000000000000000e+03 1.121660000000000018e-03
3.830000000000000000e+03 9.776800000000000854e-04
3.840000000000000000e+03 1.453829999999999923e-03
3.850000000000000000e+03 2.433020000000000148e-03
3.860000000000000000e+03 3.670210000000000139e-03
3.870000000000000000e+03 4.589959999999999700e-03
3.880000000000000000e+03 6.465089999999999726e-03
3.890000000000000000e+03 1.149684999999999943e-02
3.900000000000000000e+03 2.877553999999999876e-02
3.910000000000000000e+03 1.056917400000000062e-01
3.920000000000000000e+03 3.551690000000000125e-01
3.930000000000000000e+03 1.005649690000000041e+00
3.940000000000000000e+03 2.922348019999999824e+00
3.950000000000000000e+03 1.002316240999999941e+01
3.960000000000000000e+03 1.955565517000000142e+01
3.970000000000000000e+03 3.297045517000000103e+01
3.980000000000000000e+03 4.730148275999999896e+01
3.990000000000000000e+03 6.094654483000000056e+01
4.000000000000000000e+03 7.308908275999999660e+01
4.010000000000000000e+03 8.120770000000000266e+01
4.020000000000000000e+03 8.491604483000000414e+01
4.030000000000000000e+03 8.603278276000000346e+01
4.040000000000000000e+03 8.688612759000000096e+01
4.050000000000000000e+03 8.726447586000000456e+01
4.060000000000000000e+03 8.749566206999999451e+01
4.070000000000000000e+03 8.770112758999999869e+01
4.080000000000000000e+03 8.786204483000000209e+01
4.090000000000000000e+03 8.793568621000000007e+01
4.100000000000000000e+03 8.796699309999999628e+01
4.110000000000000000e+03 8.799443793000000369e+01
4.120000000000000000e+03 8.792328621000000055e+01
4.130000000000000000e+03 8.776637931000000492e+01
4.140000000000000000e+03 8.768468966000000364e+01
4.150000000000000000e+03 8.786452414000000033e+01
4.160000000000000000e+03 8.814412758999999653e+01
4.170000000000000000e+03 8.841967241000000399e+01
4.180000000000000000e+03 8.872662413999999842e+01
4.190000000000000000e+03 8.898606897000000515e+01
4.200000000000000000e+03 8.902400690000000338e+01
4.210000000000000000e+03 8.884661033999999802e+01
4.220000000000000000e+03 8.870791724000000045e+01
4.230000000000000000e+03 8.863393102999999940e+01
4.240000000000000000e+03 8.863782414000000642e+01
4.250000000000000000e+03 8.875926207000000545e+01
4.260000000000000000e+03 8.901743448000000569e+01
4.270000000000000000e+03 8.923626552000000345e+01
4.280000000000000000e+03 8.937482069000000706e+01
4.290000000000000000e+03 8.952267931000000090e+01
4.300000000000000000e+03 8.969563793000000373e+01
4.310000000000000000e+03 8.978473103000000322e+01
4.320000000000000000e+03 8.971944483000000048e+01
4.330000000000000000e+03 8.966303102999999908e+01
4.340000000000000000e+03 8.964353447999999958e+01
4.350000000000000000e+03 8.962855172000000437e+01
4.360000000000000000e+03 8.962520345000000077e+01
4.370000000000000000e+03 8.974268965999999637e+01
4.380000000000000000e+03 8.999773102999999708e+01
4.390000000000000000e+03 9.025821378999999922e+01
4.400000000000000000e+03 9.048555862000000616e+01
4.410000000000000000e+03 9.070656207000000393e+01
4.420000000000000000e+03 9.093452759000000185e+01
4.430000000000000000e+03 9.108799654999999973e+01
4.440000000000000000e+03 9.112642069000000333e+01
4.450000000000000000e+03 9.111236207000000320e+01
4.460000000000000000e+03 9.109028621000000214e+01
4.470000000000000000e+03 9.105067931000000669e+01
4.480000000000000000e+03 9.097112414000000058e+01
4.490000000000000000e+03 9.089564138000000071e+01
4.500000000000000000e+03 9.086694138000000009e+01
4.510000000000000000e+03 9.089437931000000503e+01
4.520000000000000000e+03 9.096256207000000416e+01
4.530000000000000000e+03 9.105039655000000209e+01
4.540000000000000000e+03 9.113614137999999798e+01
4.550000000000000000e+03 9.115906207000000450e+01
4.560000000000000000e+03 9.109277930999999739e+01
4.570000000000000000e+03 9.097605862000000343e+01
4.580000000000000000e+03 9.088653793000000292e+01
4.590000000000000000e+03 9.085872414000000674e+01
4.600000000000000000e+03 9.090515861999999458e+01
4.610000000000000000e+03 9.101503103000000294e+01
4.620000000000000000e+03 9.116162758999999483e+01
4.630000000000000000e+03 9.130620344999999816e+01
4.640000000000000000e+03 9.140290344999999661e+01
4.650000000000000000e+03 9.143215517000000148e+01
4.660000000000000000e+03 9.138931033999999443e+01
4.670000000000000000e+03 9.126862758999999414e+01
4.680000000000000000e+03 9.107275516999999354e+01
4.690000000000000000e+03 9.082714828000000296e+01
4.700000000000000000e+03 9.059416896999999835e+01
4.710000000000000000e+03 9.045363448000000517e+01
4.720000000000000000e+03 9.042982068999999967e+01
4.730000000000000000e+03 9.051873793000000035e+01
4.740000000000000000e+03 9.069572069000000170e+01
4.750000000000000000e+03 9.089704482999999868e+01
4.760000000000000000e+03 9.107421379000000172e+01
4.770000000000000000e+03 9.116083102999999710e+01
4.780000000000000000e+03 9.114034483000000364e+01
4.790000000000000000e+03 9.105272759000000349e+01
4.800000000000000000e+03 9.096229999999999905e+01
4.810000000000000000e+03 9.089357585999999856e+01
4.820000000000000000e+03 9.084139654999999891e+01
4.830000000000000000e+03 9.077604137999999523e+01
4.840000000000000000e+03 9.067296206999999697e+01
4.850000000000000000e+03 9.053666896999999381e+01
4.860000000000000000e+03 9.039465171999999882e+01
4.870000000000000000e+03 9.030919654999999580e+01
4.880000000000000000e+03 9.034268620999999655e+01
4.890000000000000000e+03 9.051257585999999833e+01
4.900000000000000000e+03 9.076255172000000471e+01
4.910000000000000000e+03 9.095983793000000617e+01
4.920000000000000000e+03 9.098217241000000399e+01
4.930000000000000000e+03 9.081685516999999663e+01
4.940000000000000000e+03 9.053397241000000406e+01
4.950000000000000000e+03 9.024956206999999608e+01
4.960000000000000000e+03 9.008236207000000206e+01
4.970000000000000000e+03 9.010976207000000215e+01
4.980000000000000000e+03 9.030010344999999461e+01
4.990000000000000000e+03 9.056425862000000393e+01
5.000000000000000000e+03 9.079928275999999698e+01
5.010000000000000000e+03 9.093379310000000260e+01
5.020000000000000000e+03 9.097737931000000344e+01
5.030000000000000000e+03 9.098694138000000464e+01
5.040000000000000000e+03 9.099912068999999804e+01
5.050000000000000000e+03 9.102797585999999797e+01
5.060000000000000000e+03 9.106998276000000203e+01
5.070000000000000000e+03 9.110912414000000581e+01
5.080000000000000000e+03 9.112926206999999579e+01
5.090000000000000000e+03 9.110874828000000036e+01
5.100000000000000000e+03 9.101865171999999404e+01
5.110000000000000000e+03 9.083905516999999463e+01
5.120000000000000000e+03 9.058448620999999434e+01
5.130000000000000000e+03 9.032511723999999731e+01
5.140000000000000000e+03 9.016713792999999555e+01
5.150000000000000000e+03 9.017557585999999503e+01
5.160000000000000000e+03 9.034006551999999601e+01
5.170000000000000000e+03 9.057765172000000575e+01
5.180000000000000000e+03 9.078035171999999875e+01
5.190000000000000000e+03 9.089528620999999475e+01
5.200000000000000000e+03 9.093276896999999792e+01
5.210000000000000000e+03 9.094543102999999462e+01
5.220000000000000000e+03 9.099393447999999296e+01
5.230000000000000000e+03 9.111501379000000611e+01
5.240000000000000000e+03 9.128736207000000036e+01
5.250000000000000000e+03 9.146653448000000708e+01
5.260000000000000000e+03 9.159938275999999746e+01
5.270000000000000000e+03 9.164650000000000318e+01
5.280000000000000000e+03 9.161121033999999952e+01
5.290000000000000000e+03 9.152126552000000004e+01
5.300000000000000000e+03 9.141046896999999660e+01
5.310000000000000000e+03 9.130928276000000210e+01
5.320000000000000000e+03 9.123495862000000045e+01
5.330000000000000000e+03 9.118558276000000262e+01
5.340000000000000000e+03 9.117791033999999684e+01
5.350000000000000000e+03 9.121118275999999980e+01
5.360000000000000000e+03 9.122180344999999591e+01
5.370000000000000000e+03 9.109017930999999635e+01
5.380000000000000000e+03 9.068825861999999915e+01
5.390000000000000000e+03 9.003992413999999656e+01
5.400000000000000000e+03 8.933193448000000103e+01
5.410000000000000000e+03 8.877675861999999540e+01
5.420000000000000000e+03 8.850789310000000398e+01
5.430000000000000000e+03 8.842254137999999841e+01
5.440000000000000000e+03 8.778867585999999790e+01
5.450000000000000000e+03 8.420556551999999328e+01
5.460000000000000000e+03 7.608444138000000123e+01
5.470000000000000000e+03 6.366705861999999883e+01
5.480000000000000000e+03 4.893305172000000169e+01
5.490000000000000000e+03 3.356917241000000018e+01
5.500000000000000000e+03 1.997440345000000050e+01
5.510000000000000000e+03 1.040014861999999951e+01
5.520000000000000000e+03 5.281814830000000072e+00
5.530000000000000000e+03 3.049639309999999881e+00
5.540000000000000000e+03 1.994188620000000078e+00
5.550000000000000000e+03 1.472553790000000085e+00
5.560000000000000000e+03 6.147253999999999913e-02
5.570000000000000000e+03 3.459480999999999667e-02
5.580000000000000000e+03 2.158480000000000121e-02
5.590000000000000000e+03 1.479393000000000027e-02
5.600000000000000000e+03 1.078282000000000025e-02
5.610000000000000000e+03 8.006009999999999169e-03
5.620000000000000000e+03 5.677090000000000088e-03
5.630000000000000000e+03 3.977600000000000406e-03
5.640000000000000000e+03 2.511059999999999855e-03
5.650000000000000000e+03 1.575000000000000011e-03
5.660000000000000000e+03 1.269869999999999983e-03
5.670000000000000000e+03 7.890199999999999774e-04
5.680000000000000000e+03 7.538500000000000279e-04
5.690000000000000000e+03 5.676999999999999755e-04
5.700000000000000000e+03 7.167900000000000270e-04
5.710000000000000000e+03 6.142300000000000060e-04
5.720000000000000000e+03 6.526999999999999816e-04
5.730000000000000000e+03 5.575000000000000528e-04
5.740000000000000000e+03 3.886100000000000079e-04
5.750000000000000000e+03 3.813199999999999880e-04
5.760000000000000000e+03 5.158299999999999995e-04
5.770000000000000000e+03 1.497400000000000131e-04
5.780000000000000000e+03 2.287299999999999869e-04
5.790000000000000000e+03 2.260399999999999974e-04
5.800000000000000000e+03 2.943500000000000261e-04
5.810000000000000000e+03 2.686899999999999770e-04
5.820000000000000000e+03 2.357500000000000112e-04
5.830000000000000000e+03 1.823600000000000091e-04
5.840000000000000000e+03 1.321600000000000086e-04
5.850000000000000000e+03 3.224200000000000199e-04
5.860000000000000000e+03 2.679399999999999859e-04
5.870000000000000000e+03 3.618100000000000070e-04
5.880000000000000000e+03 1.154200000000000028e-04
5.890000000000000000e+03 3.305299999999999948e-04
5.900000000000000000e+03 1.389800000000000009e-04
5.910000000000000000e+03 1.600499999999999872e-04
5.920000000000000000e+03 2.452299999999999814e-04
5.930000000000000000e+03 3.429600000000000096e-04
5.940000000000000000e+03 1.803899999999999991e-04
5.950000000000000000e+03 2.641200000000000123e-04
5.960000000000000000e+03 1.121800000000000000e-04
5.970000000000000000e+03 2.555799999999999890e-04
5.980000000000000000e+03 1.868200000000000036e-04
5.990000000000000000e+03 -5.989999999999999909e-05
6.000000000000000000e+03 -2.919999999999999995e-06
6.010000000000000000e+03 9.060000000000000670e-05
6.020000000000000000e+03 9.490000000000000280e-05
6.030000000000000000e+03 -6.119999999999999681e-05
6.040000000000000000e+03 5.259999999999999783e-05
6.050000000000000000e+03 1.072500000000000048e-04
6.060000000000000000e+03 -2.220000000000000090e-05
6.070000000000000000e+03 1.795800000000000120e-04
6.080000000000000000e+03 1.994599999999999910e-04
6.090000000000000000e+03 1.826099999999999880e-04
6.100000000000000000e+03 2.525900000000000194e-04
6.110000000000000000e+03 2.165299999999999885e-04
6.120000000000000000e+03 1.232399999999999923e-04
6.130000000000000000e+03 8.749999999999999911e-05
6.140000000000000000e+03 6.459999999999999814e-05
6.150000000000000000e+03 1.968600000000000092e-04
6.160000000000000000e+03 -1.320000000000000067e-05
6.170000000000000000e+03 -4.200000000000000022e-07
6.180000000000000000e+03 1.329900000000000125e-04
6.190000000000000000e+03 6.320000000000000476e-05
6.200000000000000000e+03 1.386199999999999976e-04
6.210000000000000000e+03 7.310000000000000146e-05
6.220000000000000000e+03 5.810000000000000277e-05
6.230000000000000000e+03 1.784900000000000072e-04
6.240000000000000000e+03 4.300000000000000165e-05
6.250000000000000000e+03 9.440000000000000420e-05
6.260000000000000000e+03 2.069999999999999832e-05
6.270000000000000000e+03 6.289999999999999747e-05
6.280000000000000000e+03 8.549999999999999454e-06
6.290000000000000000e+03 1.261799999999999879e-04
6.300000000000000000e+03 4.580000000000000195e-05
6.310000000000000000e+03 -1.840000000000000001e-05
6.320000000000000000e+03 7.040000000000000359e-05
6.330000000000000000e+03 -3.550000000000000231e-05
6.340000000000000000e+03 1.225800000000000088e-04
6.350000000000000000e+03 1.167500000000000054e-04
6.360000000000000000e+03 -2.409999999999999965e-05
6.370000000000000000e+03 -3.300000000000000253e-05
6.380000000000000000e+03 6.689999999999999983e-05
6.390000000000000000e+03 -7.959999999999999682e-05
6.400000000000000000e+03 1.251699999999999959e-04
6.410000000000000000e+03 7.369999999999999741e-06
6.420000000000000000e+03 -6.339999999999999607e-05
6.430000000000000000e+03 -2.100699999999999996e-04
6.440000000000000000e+03 -2.890000000000000113e-05
6.450000000000000000e+03 3.430000000000000025e-05
6.460000000000000000e+03 7.700000000000000139e-05
6.470000000000000000e+03 -5.720000000000000122e-05
6.480000000000000000e+03 1.090100000000000015e-04
6.490000000000000000e+03 9.349999999999999587e-05
6.500000000000000000e+03 1.913999999999999903e-04
6.510000000000000000e+03 -4.300000000000000165e-05
6.520000000000000000e+03 1.090000000000000067e-05
6.530000000000000000e+03 2.260000000000000046e-05
6.540000000000000000e+03 2.460000000000000164e-05
6.550000000000000000e+03 -3.669999999999999760e-05
6.560000000000000000e+03 4.499999999999999796e-07
6.570000000000000000e+03 1.417599999999999980e-04
6.580000000000000000e+03 1.386399999999999872e-04
6.590000000000000000e+03 2.269999999999999950e-05
6.600000000000000000e+03 7.889999999999999336e-05
6.610000000000000000e+03 -6.479999999999999791e-06
6.620000000000000000e+03 1.299999999999999920e-05
6.630000000000000000e+03 -2.770000000000000161e-06
6.640000000000000000e+03 -1.039500000000000059e-04
6.650000000000000000e+03 -3.830000000000000261e-05
6.660000000000000000e+03 -1.001400000000000001e-04
6.670000000000000000e+03 -7.360000000000000006e-05
6.680000000000000000e+03 -6.909999999999999910e-05
6.690000000000000000e+03 -1.024799999999999946e-04
6.700000000000000000e+03 -4.449999999999999746e-05
6.710000000000000000e+03 1.739999999999999942e-05
6.720000000000000000e+03 1.399999999999999979e-05
6.730000000000000000e+03 -1.930000000000000156e-05
6.740000000000000000e+03 -1.520000000000000016e-05
6.750000000000000000e+03 -1.091700000000000000e-04
6.760000000000000000e+03 -1.134199999999999949e-04
6.770000000000000000e+03 5.190000000000000284e-06
6.780000000000000000e+03 2.229999999999999994e-05
6.790000000000000000e+03 1.088200000000000050e-04
6.800000000000000000e+03 8.110000000000000618e-05
6.810000000000000000e+03 1.391099999999999878e-04
6.820000000000000000e+03 2.680000000000000090e-05
6.830000000000000000e+03 -3.600000000000000091e-05
6.840000000000000000e+03 6.629999999999999880e-05
6.850000000000000000e+03 -6.320000000000000476e-05
6.860000000000000000e+03 -5.030000000000000291e-05
6.870000000000000000e+03 4.459999999999999989e-05
6.880000000000000000e+03 3.093160000000000180e-03
6.890000000000000000e+03 1.131414000000000031e-02
6.900000000000000000e+03 1.296091000000000083e-02
6.910000000000000000e+03 4.615929999999999860e-03
6.920000000000000000e+03 -4.890000000000000276e-05
6.930000000000000000e+03 6.970000000000000013e-05
6.940000000000000000e+03 1.527499999999999995e-04
6.950000000000000000e+03 -1.819999999999999854e-05
6.960000000000000000e+03 2.824200000000000235e-04
6.970000000000000000e+03 6.181500000000000362e-04
6.980000000000000000e+03 4.962099999999999671e-04
6.990000000000000000e+03 1.832899999999999883e-04
7.000000000000000000e+03 2.391999999999999866e-04
7.010000000000000000e+03 2.869999999999999965e-05
7.020000000000000000e+03 5.899999999999999754e-05
7.030000000000000000e+03 2.253099999999999960e-04
7.040000000000000000e+03 3.430000000000000194e-06
7.050000000000000000e+03 2.051800000000000108e-04
7.060000000000000000e+03 1.331199999999999994e-04
7.070000000000000000e+03 -6.800000000000000116e-06
7.080000000000000000e+03 1.720000000000000049e-06
7.090000000000000000e+03 1.654299999999999933e-04
7.100000000000000000e+03 9.309999999999999970e-05
7.110000000000000000e+03 2.629999999999999892e-05
7.120000000000000000e+03 2.171300000000000031e-04
7.130000000000000000e+03 4.569999999999999952e-05
7.140000000000000000e+03 8.219999999999999226e-06
7.150000000000000000e+03 7.940000000000000551e-05
7.160000000000000000e+03 8.839999999999999388e-05
7.170000000000000000e+03 4.890000000000000276e-05
7.180000000000000000e+03 3.180000000000000047e-05
7.190000000000000000e+03 -8.500000000000000611e-05
7.200000000000000000e+03 -1.660000000000000031e-05
7.210000000000000000e+03 3.470000000000000319e-05
7.220000000000000000e+03 1.163400000000000008e-04
7.230000000000000000e+03 1.345999999999999920e-04
7.240000000000000000e+03 6.459999999999999983e-06
7.250000000000000000e+03 4.089999999999999804e-05
7.260000000000000000e+03 1.861300000000000085e-04
7.270000000000000000e+03 2.150000000000000083e-05
7.280000000000000000e+03 1.779600000000000105e-04
7.290000000000000000e+03 2.696700000000000117e-04
7.300000000000000000e+03 1.930799999999999877e-04
7.310000000000000000e+03 2.777300000000000125e-04
7.320000000000000000e+03 2.072099999999999897e-04
7.330000000000000000e+03 -3.860000000000000312e-05
7.340000000000000000e+03 -2.540600000000000172e-04
7.350000000000000000e+03 1.568200000000000063e-04
7.360000000000000000e+03 -5.259999999999999783e-05
7.370000000000000000e+03 -7.059999999999999490e-05
7.380000000000000000e+03 1.316000000000000004e-04
7.390000000000000000e+03 -1.480000000000000018e-06
7.400000000000000000e+03 1.789600000000000077e-04
7.410000000000000000e+03 2.681900000000000191e-04
7.420000000000000000e+03 2.910799999999999846e-04
7.430000000000000000e+03 4.661399999999999788e-04
7.440000000000000000e+03 5.710100000000000505e-04
7.450000000000000000e+03 2.066199999999999970e-04
7.460000000000000000e+03 5.089999999999999717e-05
7.470000000000000000e+03 1.294500000000000023e-04
7.480000000000000000e+03 1.450000000000000009e-05
7.490000000000000000e+03 4.759999999999999827e-05
7.500000000000000000e+03 5.039999999999999857e-05
7.510000000000000000e+03 -2.729999999999999951e-05
7.520000000000000000e+03 -2.731599999999999935e-04
7.530000000000000000e+03 -2.169899999999999943e-04
7.540000000000000000e+03 -2.040000000000000119e-05
7.550000000000000000e+03 -3.430000000000000025e-05
7.560000000000000000e+03 -1.393400000000000042e-04
7.570000000000000000e+03 -1.433999999999999891e-04
7.580000000000000000e+03 -2.809999999999999862e-05
7.590000000000000000e+03 -4.690000000000000158e-05
7.600000000000000000e+03 2.022500000000000101e-04
7.610000000000000000e+03 -6.660000000000000609e-05
7.620000000000000000e+03 -1.740199999999999907e-04
7.630000000000000000e+03 4.699999999999999724e-05
7.640000000000000000e+03 1.489999999999999964e-05
7.650000000000000000e+03 -4.449999999999999746e-05
7.660000000000000000e+03 -5.679999999999999828e-05
7.670000000000000000e+03 1.953400000000000102e-04
7.680000000000000000e+03 1.410000000000000053e-05
7.690000000000000000e+03 -1.117699999999999954e-04
7.700000000000000000e+03 1.374299999999999903e-04
7.710000000000000000e+03 -4.220000000000000254e-05
7.720000000000000000e+03 -7.729999999999999513e-05
7.730000000000000000e+03 -5.840000000000000329e-05
7.740000000000000000e+03 4.069999999999999996e-05
7.750000000000000000e+03 -1.050699999999999952e-04
7.760000000000000000e+03 -6.039999999999999769e-05
7.770000000000000000e+03 6.789999999999999703e-05
7.780000000000000000e+03 8.930000000000000221e-05
7.790000000000000000e+03 -1.469999999999999986e-05
7.800000000000000000e+03 5.030000000000000291e-05
7.810000000000000000e+03 5.619999999999999725e-05
7.820000000000000000e+03 1.518199999999999932e-04
7.830000000000000000e+03 8.119999999999999505e-05
7.840000000000000000e+03 -1.139999999999999927e-05
7.850000000000000000e+03 1.358900000000000017e-04
7.860000000000000000e+03 -6.250000000000000130e-05
7.870000000000000000e+03 -5.520000000000000004e-05
7.880000000000000000e+03 4.240000000000000062e-05
7.890000000000000000e+03 2.211399999999999868e-04
7.900000000000000000e+03 -7.969999999999999925e-05
7.910000000000000000e+03 -2.710000000000000142e-05
7.920000000000000000e+03 -8.380000000000000404e-05
7.930000000000000000e+03 -6.700000000000000226e-05
7.940000000000000000e+03 4.880000000000000033e-05
7.950000000000000000e+03 -1.227699999999999918e-04
7.960000000000000000e+03 -9.890000000000000516e-05
7.970000000000000000e+03 -6.299999999999999990e-05
7.980000000000000000e+03 -1.009999999999999986e-05
7.990000000000000000e+03 -9.309999999999999970e-05
8.000000000000000000e+03 9.480000000000000037e-05
8.010000000000000000e+03 3.834900000000000028e-04
8.020000000000000000e+03 5.548400000000000207e-04
8.030000000000000000e+03 9.221299999999999549e-04
8.040000000000000000e+03 1.449289999999999997e-03
8.050000000000000000e+03 1.717339999999999926e-03
8.060000000000000000e+03 1.783389999999999932e-03
8.070000000000000000e+03 1.644220000000000056e-03
8.080000000000000000e+03 1.574469999999999906e-03
8.090000000000000000e+03 1.335419999999999923e-03
8.100000000000000000e+03 1.230509999999999981e-03
8.110000000000000000e+03 1.179130000000000022e-03
8.120000000000000000e+03 1.161920000000000097e-03
8.130000000000000000e+03 8.844700000000000478e-04
8.140000000000000000e+03 7.431000000000000105e-04
8.150000000000000000e+03 7.804599999999999645e-04
8.160000000000000000e+03 5.052099999999999690e-04
8.170000000000000000e+03 4.985999999999999764e-04
8.180000000000000000e+03 6.898600000000000391e-04
8.190000000000000000e+03 4.332100000000000078e-04
8.200000000000000000e+03 4.962799999999999850e-04
8.210000000000000000e+03 5.034300000000000233e-04
8.220000000000000000e+03 6.559899999999999586e-04
8.230000000000000000e+03 7.247500000000000253e-04
8.240000000000000000e+03 7.657099999999999584e-04
8.250000000000000000e+03 9.049299999999999705e-04
8.260000000000000000e+03 9.920099999999999838e-04
8.270000000000000000e+03 1.019900000000000017e-03
8.280000000000000000e+03 1.139330000000000030e-03
8.290000000000000000e+03 1.553850000000000066e-03
8.300000000000000000e+03 1.356629999999999945e-03
8.310000000000000000e+03 1.498720000000000043e-03
8.320000000000000000e+03 1.269769999999999927e-03
8.330000000000000000e+03 1.362209999999999983e-03
8.340000000000000000e+03 8.800400000000000106e-04
8.350000000000000000e+03 7.824699999999999538e-04
8.360000000000000000e+03 5.224500000000000411e-04
8.370000000000000000e+03 6.541399999999999949e-04
8.380000000000000000e+03 1.773199999999999896e-04
8.390000000000000000e+03 4.668499999999999907e-04
8.400000000000000000e+03 3.515200000000000225e-04
8.410000000000000000e+03 1.706800000000000125e-04
8.420000000000000000e+03 5.691000000000000095e-04
8.430000000000000000e+03 4.806699999999999905e-04
8.440000000000000000e+03 1.767200000000000021e-04
8.450000000000000000e+03 3.504499999999999803e-04
8.460000000000000000e+03 2.087099999999999990e-04
8.470000000000000000e+03 3.420000000000000188e-04
8.480000000000000000e+03 4.336499999999999968e-04
8.490000000000000000e+03 4.245799999999999770e-04
8.500000000000000000e+03 2.962199999999999794e-04
8.510000000000000000e+03 5.826699999999999761e-04
8.520000000000000000e+03 5.298399999999999551e-04
8.530000000000000000e+03 6.988400000000000514e-04
8.540000000000000000e+03 4.354200000000000019e-04
8.550000000000000000e+03 9.366500000000000260e-04
8.560000000000000000e+03 9.551899999999999670e-04
8.570000000000000000e+03 8.967200000000000474e-04
8.580000000000000000e+03 1.074000000000000085e-03
8.590000000000000000e+03 5.846000000000000068e-04
8.600000000000000000e+03 6.123699999999999933e-04
8.610000000000000000e+03 6.558399999999999820e-04
8.620000000000000000e+03 4.170299999999999832e-04
8.630000000000000000e+03 5.642800000000000116e-04
8.640000000000000000e+03 4.235299999999999785e-04
8.650000000000000000e+03 2.048399999999999971e-04
8.660000000000000000e+03 5.962400000000000512e-04
8.670000000000000000e+03 4.350499999999999767e-04
8.680000000000000000e+03 4.260800000000000134e-04
8.690000000000000000e+03 4.102299999999999805e-04
8.700000000000000000e+03 2.864499999999999967e-04
8.710000000000000000e+03 4.257700000000000113e-04
8.720000000000000000e+03 9.749999999999999823e-05
8.730000000000000000e+03 5.087499999999999791e-04
8.740000000000000000e+03 1.499000000000000115e-04
8.750000000000000000e+03 4.943400000000000138e-04
8.760000000000000000e+03 3.933000000000000189e-04
8.770000000000000000e+03 7.469399999999999738e-04
8.780000000000000000e+03 6.655899999999999751e-04
8.790000000000000000e+03 7.778400000000000201e-04
8.800000000000000000e+03 5.417199999999999837e-04
8.810000000000000000e+03 1.142089999999999902e-03
8.820000000000000000e+03 1.304390000000000107e-03
8.830000000000000000e+03 1.335129999999999911e-03
8.840000000000000000e+03 9.856800000000000631e-04
8.850000000000000000e+03 8.579800000000000490e-04
8.860000000000000000e+03 2.644100000000000248e-04
8.870000000000000000e+03 5.914800000000000222e-04
8.880000000000000000e+03 2.184599999999999921e-04
8.890000000000000000e+03 2.355099999999999999e-04
8.900000000000000000e+03 6.100100000000000227e-04
8.910000000000000000e+03 -6.000000000000000152e-06
8.920000000000000000e+03 8.114100000000000392e-04
8.930000000000000000e+03 1.961300000000000077e-04
8.940000000000000000e+03 5.803100000000000055e-04
8.950000000000000000e+03 3.143399999999999753e-04
8.960000000000000000e+03 3.031800000000000076e-04
8.970000000000000000e+03 4.471899999999999790e-04
8.980000000000000000e+03 1.246599999999999889e-04
8.990000000000000000e+03 -1.803860000000000012e-03
9.000000000000000000e+03 1.847499999999999967e-03
9.010000000000000000e+03 2.298570000000000214e-03
9.020000000000000000e+03 3.305069999999999796e-03
9.030000000000000000e+03 3.192749999999999842e-03
9.040000000000000000e+03 1.966429999999999914e-03
9.050000000000000000e+03 1.764259999999999917e-03
9.060000000000000000e+03 1.155140000000000030e-03
9.070000000000000000e+03 1.330009999999999960e-03
9.080000000000000000e+03 1.445740000000000046e-03
9.090000000000000000e+03 7.998799999999999921e-04
9.100000000000000000e+03 8.939199999999999794e-04
9.110000000000000000e+03 1.207849999999999896e-03
9.120000000000000000e+03 1.211190000000000010e-03
9.130000000000000000e+03 2.061299999999999851e-03
9.140000000000000000e+03 1.401420000000000009e-03
9.150000000000000000e+03 1.128330000000000088e-03
9.160000000000000000e+03 9.575900000000000254e-04
9.170000000000000000e+03 1.074419999999999976e-03
9.180000000000000000e+03 8.976700000000000434e-04
9.190000000000000000e+03 1.344130000000000021e-03
9.200000000000000000e+03 8.770800000000000254e-04
9.210000000000000000e+03 1.006310000000000060e-03
9.220000000000000000e+03 6.851999999999999584e-04
9.230000000000000000e+03 7.821700000000000007e-04
9.240000000000000000e+03 6.517699999999999752e-04
9.250000000000000000e+03 9.370000000000000074e-04
9.260000000000000000e+03 7.920000000000000065e-05
9.270000000000000000e+03 8.670400000000000199e-04
9.280000000000000000e+03 3.984799999999999931e-04
9.290000000000000000e+03 9.132800000000000380e-04
9.300000000000000000e+03 1.050549999999999921e-03
9.310000000000000000e+03 9.267400000000000073e-04
9.320000000000000000e+03 4.722400000000000187e-04
9.330000000000000000e+03 9.957699999999999885e-04
9.340000000000000000e+03 5.307499999999999718e-04
9.350000000000000000e+03 8.692700000000000036e-04
9.360000000000000000e+03 -8.490000000000000368e-05
9.370000000000000000e+03 6.661700000000000000e-04
9.380000000000000000e+03 4.959300000000000036e-04
9.390000000000000000e+03 1.029179999999999982e-03
9.400000000000000000e+03 7.778999999999999890e-04
9.410000000000000000e+03 1.200600000000000018e-03
9.420000000000000000e+03 5.652499999999999972e-04
9.430000000000000000e+03 9.471899999999999894e-04
9.440000000000000000e+03 1.621330000000000037e-03
9.450000000000000000e+03 1.542250000000000001e-03
9.460000000000000000e+03 2.783980000000000135e-03
9.470000000000000000e+03 2.027259999999999913e-03
9.480000000000000000e+03 1.633569999999999987e-03
9.490000000000000000e+03 1.371610000000000103e-03
9.500000000000000000e+03 1.419010000000000063e-03
9.510000000000000000e+03 1.626099999999999898e-04
9.520000000000000000e+03 1.783300000000000087e-04
9.530000000000000000e+03 4.969799999999999478e-04
9.540000000000000000e+03 1.443999999999999971e-03
9.550000000000000000e+03 1.718719999999999970e-03
9.560000000000000000e+03 7.571099999999999662e-04
9.570000000000000000e+03 7.357899999999999467e-04
9.580000000000000000e+03 1.420019999999999919e-03
9.590000000000000000e+03 3.675899999999999957e-04
9.600000000000000000e+03 8.840200000000000098e-04
9.610000000000000000e+03 1.262230000000000036e-03
9.620000000000000000e+03 3.104900000000000173e-04
9.630000000000000000e+03 7.798100000000000301e-04
9.640000000000000000e+03 1.460520000000000091e-03
9.650000000000000000e+03 1.195950000000000095e-03
9.660000000000000000e+03 1.726279999999999959e-03
9.670000000000000000e+03 1.879730000000000029e-03
9.680000000000000000e+03 4.216499999999999762e-04
9.690000000000000000e+03 1.778630000000000011e-03
9.700000000000000000e+03 1.732950000000000029e-03
9.710000000000000000e+03 1.716080000000000036e-03
9.720000000000000000e+03 1.724599999999999961e-03
9.730000000000000000e+03 1.579120000000000046e-03
9.740000000000000000e+03 1.389210000000000098e-03
9.750000000000000000e+03 1.020719999999999917e-03
9.760000000000000000e+03 1.505480000000000013e-03
9.770000000000000000e+03 4.678199999999999763e-04
9.780000000000000000e+03 8.060699999999999853e-04
9.790000000000000000e+03 9.205599999999999547e-04
9.800000000000000000e+03 8.634899999999999607e-04
9.810000000000000000e+03 1.230989999999999949e-03
9.820000000000000000e+03 7.989400000000000451e-04
9.830000000000000000e+03 7.877799999999999690e-04
9.840000000000000000e+03 1.940539999999999930e-03
9.850000000000000000e+03 1.232999999999999938e-03
9.860000000000000000e+03 7.105100000000000261e-04
9.870000000000000000e+03 1.098339999999999950e-03
9.880000000000000000e+03 3.839599999999999762e-04
9.890000000000000000e+03 5.438300000000000295e-04
9.900000000000000000e+03 1.218789999999999978e-03
9.910000000000000000e+03 4.321300000000000249e-04
9.920000000000000000e+03 8.969100000000000033e-04
9.930000000000000000e+03 1.190059999999999946e-03
9.940000000000000000e+03 3.414700000000000222e-04
9.950000000000000000e+03 6.887899999999999969e-04
9.960000000000000000e+03 1.293300000000000049e-03
9.970000000000000000e+03 1.221609999999999927e-03
9.980000000000000000e+03 6.463999999999999911e-04
9.990000000000000000e+03 8.748200000000000030e-04
1.000000000000000000e+04 9.736299999999999599e-04
1.001000000000000000e+04 -4.977700000000000267e-04
1.002000000000000000e+04 6.038900000000000474e-04
1.003000000000000000e+04 3.414199999999999939e-04
1.004000000000000000e+04 4.100999999999999936e-04
1.005000000000000000e+04 6.322699999999999891e-04
1.006000000000000000e+04 9.378900000000000344e-04
1.007000000000000000e+04 4.995699999999999620e-04
1.008000000000000000e+04 3.424699999999999923e-04
1.009000000000000000e+04 5.522399999999999575e-04
1.010000000000000000e+04 8.781499999999999593e-04
1.011000000000000000e+04 8.628099999999999875e-04
1.012000000000000000e+04 5.328200000000000384e-04
1.013000000000000000e+04 1.101030000000000021e-03
1.014000000000000000e+04 1.143039999999999898e-03
1.015000000000000000e+04 8.998499999999999988e-04
1.016000000000000000e+04 3.990800000000000076e-04
1.017000000000000000e+04 1.463330000000000099e-03
1.018000000000000000e+04 1.155530000000000099e-03
1.019000000000000000e+04 2.378819999999999806e-03
1.020000000000000000e+04 4.107700000000000262e-04
1.021000000000000000e+04 8.294399999999999733e-04
1.022000000000000000e+04 4.013099999999999914e-04
1.023000000000000000e+04 1.301630000000000018e-03
1.024000000000000000e+04 1.102579999999999923e-03
1.025000000000000000e+04 9.974300000000001047e-04
1.026000000000000000e+04 1.204479999999999960e-03
1.027000000000000000e+04 8.152199999999999638e-04
1.028000000000000000e+04 1.155400000000000003e-03
1.029000000000000000e+04 1.573500000000000029e-03
1.030000000000000000e+04 8.113200000000000316e-04
1.031000000000000000e+04 1.302999999999999905e-03
1.032000000000000000e+04 3.984400000000000138e-04
1.033000000000000000e+04 1.087560000000000002e-03
1.034000000000000000e+04 5.475799999999999852e-04
1.035000000000000000e+04 3.895899999999999884e-04
1.036000000000000000e+04 4.043699999999999790e-04
1.037000000000000000e+04 1.101399999999999992e-04
1.038000000000000000e+04 1.061780000000000015e-03
1.039000000000000000e+04 7.800199999999999755e-04
1.040000000000000000e+04 1.140469999999999982e-03
1.041000000000000000e+04 8.855300000000000411e-04
1.042000000000000000e+04 6.571500000000000084e-04
1.043000000000000000e+04 1.002059999999999930e-03
1.044000000000000000e+04 1.101200000000000095e-03
1.045000000000000000e+04 1.142079999999999962e-03
1.046000000000000000e+04 8.855999999999999506e-04
1.047000000000000000e+04 7.835399999999999960e-04
1.048000000000000000e+04 1.021000000000000016e-04
1.049000000000000000e+04 6.914599999999999696e-04
1.050000000000000000e+04 1.144569999999999919e-03
1.051000000000000000e+04 2.947700000000000255e-04
1.052000000000000000e+04 1.098799999999999983e-04
1.053000000000000000e+04 6.797700000000000053e-04
1.054000000000000000e+04 5.965200000000000146e-04
1.055000000000000000e+04 1.270939999999999917e-03
1.056000000000000000e+04 1.067779999999999944e-03
1.057000000000000000e+04 1.070109999999999985e-03
1.058000000000000000e+04 1.550729999999999947e-03
1.059000000000000000e+04 1.778339999999999999e-03
1.060000000000000000e+04 1.105780000000000001e-03
1.061000000000000000e+04 1.685990000000000058e-03
1.062000000000000000e+04 1.877760000000000019e-03
1.063000000000000000e+04 1.909120000000000044e-03
1.064000000000000000e+04 2.152770000000000031e-03
1.065000000000000000e+04 1.674230000000000076e-03
1.066000000000000000e+04 1.704000000000000003e-03
1.067000000000000000e+04 1.468200000000000017e-03
1.068000000000000000e+04 1.804629999999999993e-03
1.069000000000000000e+04 1.329129999999999982e-03
1.070000000000000000e+04 1.623789999999999956e-03
1.071000000000000000e+04 1.671020000000000057e-03
1.072000000000000000e+04 1.710860000000000028e-03
1.073000000000000000e+04 1.593739999999999957e-03
1.074000000000000000e+04 1.389229999999999979e-03
1.075000000000000000e+04 1.444149999999999948e-03
1.076000000000000000e+04 1.825200000000000075e-04
1.077000000000000000e+04 1.110929999999999990e-03
1.078000000000000000e+04 1.231609999999999953e-03
1.079000000000000000e+04 7.067100000000000421e-04
1.080000000000000000e+04 1.610600000000000009e-03
1.081000000000000000e+04 1.007569999999999950e-03
1.082000000000000000e+04 1.360450000000000027e-03
1.083000000000000000e+04 6.913400000000000318e-04
1.084000000000000000e+04 1.272029999999999949e-03
1.085000000000000000e+04 8.991799999999999663e-04
1.086000000000000000e+04 1.166090000000000052e-03
1.087000000000000000e+04 1.441529999999999895e-03
1.088000000000000000e+04 5.390700000000000006e-04
1.089000000000000000e+04 1.691030000000000050e-03
1.090000000000000000e+04 4.780799999999999763e-04
1.091000000000000000e+04 1.151789999999999975e-03
1.092000000000000000e+04 2.398229999999999893e-03
1.093000000000000000e+04 1.443999999999999971e-03
1.094000000000000000e+04 1.016360000000000006e-03
1.095000000000000000e+04 1.938520000000000000e-03
1.096000000000000000e+04 1.729389999999999920e-03
1.097000000000000000e+04 1.099170000000000008e-03
1.098000000000000000e+04 2.464699999999999790e-03
1.099000000000000000e+04 2.150959999999999938e-03
1.100000000000000000e+04 2.709410000000000204e-03
