# PS1 i-band, from Tonry et. al. 2012
# Angstroms               Throughput
3.800000000000000000e+03 0.000000000000000000e+00
3.810000000000000000e+03 0.000000000000000000e+00
3.820000000000000000e+03 0.000000000000000000e+00
3.830000000000000000e+03 0.000000000000000000e+00
3.840000000000000000e+03 0.000000000000000000e+00
3.850000000000000000e+03 0.000000000000000000e+00
3.860000000000000000e+03 0.000000000000000000e+00
3.870000000000000000e+03 0.000000000000000000e+00
3.880000000000000000e+03 0.000000000000000000e+00
3.890000000000000000e+03 0.000000000000000000e+00
3.900000000000000000e+03 0.000000000000000000e+00
3.910000000000000000e+03 0.000000000000000000e+00
3.920000000000000000e+03 0.000000000000000000e+00
3.930000000000000000e+03 0.000000000000000000e+00
3.940000000000000000e+03 0.000000000000000000e+00
3.950000000000000000e+03 0.000000000000000000e+00
3.960000000000000000e+03 0.000000000000000000e+00
3.970000000000000000e+03 0.000000000000000000e+00
3.980000000000000000e+03 0.000000000000000000e+00
3.990000000000000000e+03 0.000000000000000000e+00
4.000000000000000000e+03 0.000000000000000000e+00
4.010000000000000000e+03 0.000000000000000000e+00
4.020000000000000000e+03 0.000000000000000000e+00
4.030000000000000000e+03 0.000000000000000000e+00
4.040000000000000000e+03 0.000000000000000000e+00
4.050000000000000000e+03 0.000000000000000000e+00
4.060000000000000000e+03 0.000000000000000000e+00
4.070000000000000000e+03 0.000000000000000000e+00
4.080000000000000000e+03 0.000000000000000000e+00
4.090000000000000000e+03 0.000000000000000000e+00
4.100000000000000000e+03 0.000000000000000000e+00
4.110000000000000000e+03 0.000000000000000000e+00
4.120000000000000000e+03 0.000000000000000000e+00
4.130000000000000000e+03 0.000000000000000000e+00
4.140000000000000000e+03 0.000000000000000000e+00
4.150000000000000000e+03 0.000000000000000000e+00
4.160000000000000000e+03 0.000000000000000000e+00
4.170000000000000000e+03 0.000000000000000000e+00
4.180000000000000000e+03 0.000000000000000000e+00
4.190000000000000000e+03 0.000000000000000000e+00
4.200000000000000000e+03 0.000000000000000000e+00
4.210000000000000000e+03 0.000000000000000000e+00
4.220000000000000000e+03 0.000000000000000000e+00
4.230000000000000000e+03 0.000000000000000000e+00
4.240000000000000000e+03 0.000000000000000000e+00
4.250000000000000000e+03 0.000000000000000000e+00
4.260000000000000000e+03 0.000000000000000000e+00
4.270000000000000000e+03 0.000000000000000000e+00
4.280000000000000000e+03 0.000000000000000000e+00
4.290000000000000000e+03 0.000000000000000000e+00
4.300000000000000000e+03 0.000000000000000000e+00
4.310000000000000000e+03 0.000000000000000000e+00
4.320000000000000000e+03 0.000000000000000000e+00
4.330000000000000000e+03 0.000000000000000000e+00
4.340000000000000000e+03 0.000000000000000000e+00
4.350000000000000000e+03 0.000000000000000000e+00
4.360000000000000000e+03 0.000000000000000000e+00
4.370000000000000000e+03 0.000000000000000000e+00
4.380000000000000000e+03 0.000000000000000000e+00
4.390000000000000000e+03 0.000000000000000000e+00
4.400000000000000000e+03 0.000000000000000000e+00
4.410000000000000000e+03 0.000000000000000000e+00
4.420000000000000000e+03 0.000000000000000000e+00
4.430000000000000000e+03 0.000000000000000000e+00
4.440000000000000000e+03 0.000000000000000000e+00
4.450000000000000000e+03 0.000000000000000000e+00
4.460000000000000000e+03 0.000000000000000000e+00
4.470000000000000000e+03 0.000000000000000000e+00
4.480000000000000000e+03 0.000000000000000000e+00
4.490000000000000000e+03 0.000000000000000000e+00
4.500000000000000000e+03 0.000000000000000000e+00
4.510000000000000000e+03 0.000000000000000000e+00
4.520000000000000000e+03 0.000000000000000000e+00
4.530000000000000000e+03 0.000000000000000000e+00
4.540000000000000000e+03 0.000000000000000000e+00
4.550000000000000000e+03 0.000000000000000000e+00
4.560000000000000000e+03 0.000000000000000000e+00
4.570000000000000000e+03 0.000000000000000000e+00
4.580000000000000000e+03 0.000000000000000000e+00
4.590000000000000000e+03 0.000000000000000000e+00
4.600000000000000000e+03 0.000000000000000000e+00
4.610000000000000000e+03 0.000000000000000000e+00
4.620000000000000000e+03 0.000000000000000000e+00
4.630000000000000000e+03 0.000000000000000000e+00
4.640000000000000000e+03 0.000000000000000000e+00
4.650000000000000000e+03 0.000000000000000000e+00
4.660000000000000000e+03 0.000000000000000000e+00
4.670000000000000000e+03 0.000000000000000000e+00
4.680000000000000000e+03 0.000000000000000000e+00
4.690000000000000000e+03 0.000000000000000000e+00
4.700000000000000000e+03 0.000000000000000000e+00
4.710000000000000000e+03 0.000000000000000000e+00
4.720000000000000000e+03 0.000000000000000000e+00
4.730000000000000000e+03 0.000000000000000000e+00
4.740000000000000000e+03 0.000000000000000000e+00
4.750000000000000000e+03 0.000000000000000000e+00
4.760000000000000000e+03 0.000000000000000000e+00
4.770000000000000000e+03 0.000000000000000000e+00
4.780000000000000000e+03 0.000000000000000000e+00
4.790000000000000000e+03 0.000000000000000000e+00
4.800000000000000000e+03 0.000000000000000000e+00
4.810000000000000000e+03 0.000000000000000000e+00
4.820000000000000000e+03 0.000000000000000000e+00
4.830000000000000000e+03 0.000000000000000000e+00
4.840000000000000000e+03 0.000000000000000000e+00
4.850000000000000000e+03 0.000000000000000000e+00
4.860000000000000000e+03 0.000000000000000000e+00
4.870000000000000000e+03 0.000000000000000000e+00
4.880000000000000000e+03 0.000000000000000000e+00
4.890000000000000000e+03 0.000000000000000000e+00
4.900000000000000000e+03 0.000000000000000000e+00
4.910000000000000000e+03 0.000000000000000000e+00
4.920000000000000000e+03 0.000000000000000000e+00
4.930000000000000000e+03 0.000000000000000000e+00
4.940000000000000000e+03 0.000000000000000000e+00
4.950000000000000000e+03 0.000000000000000000e+00
4.960000000000000000e+03 0.000000000000000000e+00
4.970000000000000000e+03 0.000000000000000000e+00
4.980000000000000000e+03 0.000000000000000000e+00
4.990000000000000000e+03 0.000000000000000000e+00
5.000000000000000000e+03 0.000000000000000000e+00
5.010000000000000000e+03 0.000000000000000000e+00
5.020000000000000000e+03 0.000000000000000000e+00
5.030000000000000000e+03 0.000000000000000000e+00
5.040000000000000000e+03 0.000000000000000000e+00
5.050000000000000000e+03 0.000000000000000000e+00
5.060000000000000000e+03 0.000000000000000000e+00
5.070000000000000000e+03 0.000000000000000000e+00
5.080000000000000000e+03 0.000000000000000000e+00
5.090000000000000000e+03 0.000000000000000000e+00
5.100000000000000000e+03 0.000000000000000000e+00
5.110000000000000000e+03 0.000000000000000000e+00
5.120000000000000000e+03 0.000000000000000000e+00
5.130000000000000000e+03 0.000000000000000000e+00
5.140000000000000000e+03 0.000000000000000000e+00
5.150000000000000000e+03 0.000000000000000000e+00
5.160000000000000000e+03 0.000000000000000000e+00
5.170000000000000000e+03 0.000000000000000000e+00
5.180000000000000000e+03 0.000000000000000000e+00
5.190000000000000000e+03 0.000000000000000000e+00
5.200000000000000000e+03 0.000000000000000000e+00
5.210000000000000000e+03 0.000000000000000000e+00
5.220000000000000000e+03 0.000000000000000000e+00
5.230000000000000000e+03 0.000000000000000000e+00
5.240000000000000000e+03 0.000000000000000000e+00
5.250000000000000000e+03 0.000000000000000000e+00
5.260000000000000000e+03 0.000000000000000000e+00
5.270000000000000000e+03 0.000000000000000000e+00
5.280000000000000000e+03 0.000000000000000000e+00
5.290000000000000000e+03 0.000000000000000000e+00
5.300000000000000000e+03 0.000000000000000000e+00
5.310000000000000000e+03 0.000000000000000000e+00
5.320000000000000000e+03 0.000000000000000000e+00
5.330000000000000000e+03 0.000000000000000000e+00
5.340000000000000000e+03 0.000000000000000000e+00
5.350000000000000000e+03 0.000000000000000000e+00
5.360000000000000000e+03 0.000000000000000000e+00
5.370000000000000000e+03 0.000000000000000000e+00
5.380000000000000000e+03 0.000000000000000000e+00
5.390000000000000000e+03 0.000000000000000000e+00
5.400000000000000000e+03 0.000000000000000000e+00
5.410000000000000000e+03 0.000000000000000000e+00
5.420000000000000000e+03 0.000000000000000000e+00
5.430000000000000000e+03 0.000000000000000000e+00
5.440000000000000000e+03 0.000000000000000000e+00
5.450000000000000000e+03 0.000000000000000000e+00
5.460000000000000000e+03 0.000000000000000000e+00
5.470000000000000000e+03 0.000000000000000000e+00
5.480000000000000000e+03 0.000000000000000000e+00
5.490000000000000000e+03 0.000000000000000000e+00
5.500000000000000000e+03 0.000000000000000000e+00
5.510000000000000000e+03 0.000000000000000000e+00
5.520000000000000000e+03 0.000000000000000000e+00
5.530000000000000000e+03 0.000000000000000000e+00
5.540000000000000000e+03 0.000000000000000000e+00
5.550000000000000000e+03 0.000000000000000000e+00
5.560000000000000000e+03 0.000000000000000000e+00
5.570000000000000000e+03 0.000000000000000000e+00
5.580000000000000000e+03 0.000000000000000000e+00
5.590000000000000000e+03 0.000000000000000000e+00
5.600000000000000000e+03 0.000000000000000000e+00
5.610000000000000000e+03 0.000000000000000000e+00
5.620000000000000000e+03 0.000000000000000000e+00
5.630000000000000000e+03 0.000000000000000000e+00
5.640000000000000000e+03 0.000000000000000000e+00
5.650000000000000000e+03 0.000000000000000000e+00
5.660000000000000000e+03 0.000000000000000000e+00
5.670000000000000000e+03 0.000000000000000000e+00
5.680000000000000000e+03 0.000000000000000000e+00
5.690000000000000000e+03 0.000000000000000000e+00
5.700000000000000000e+03 0.000000000000000000e+00
5.710000000000000000e+03 0.000000000000000000e+00
5.720000000000000000e+03 0.000000000000000000e+00
5.730000000000000000e+03 0.000000000000000000e+00
5.740000000000000000e+03 0.000000000000000000e+00
5.750000000000000000e+03 0.000000000000000000e+00
5.760000000000000000e+03 0.000000000000000000e+00
5.770000000000000000e+03 0.000000000000000000e+00
5.780000000000000000e+03 0.000000000000000000e+00
5.790000000000000000e+03 0.000000000000000000e+00
5.800000000000000000e+03 0.000000000000000000e+00
5.810000000000000000e+03 0.000000000000000000e+00
5.820000000000000000e+03 0.000000000000000000e+00
5.830000000000000000e+03 0.000000000000000000e+00
5.840000000000000000e+03 0.000000000000000000e+00
5.850000000000000000e+03 0.000000000000000000e+00
5.860000000000000000e+03 0.000000000000000000e+00
5.870000000000000000e+03 0.000000000000000000e+00
5.880000000000000000e+03 0.000000000000000000e+00
5.890000000000000000e+03 0.000000000000000000e+00
5.900000000000000000e+03 0.000000000000000000e+00
5.910000000000000000e+03 0.000000000000000000e+00
5.920000000000000000e+03 0.000000000000000000e+00
5.930000000000000000e+03 0.000000000000000000e+00
5.940000000000000000e+03 0.000000000000000000e+00
5.950000000000000000e+03 0.000000000000000000e+00
5.960000000000000000e+03 0.000000000000000000e+00
5.970000000000000000e+03 0.000000000000000000e+00
5.980000000000000000e+03 0.000000000000000000e+00
5.990000000000000000e+03 0.000000000000000000e+00
6.000000000000000000e+03 0.000000000000000000e+00
6.010000000000000000e+03 0.000000000000000000e+00
6.020000000000000000e+03 0.000000000000000000e+00
6.030000000000000000e+03 0.000000000000000000e+00
6.040000000000000000e+03 0.000000000000000000e+00
6.050000000000000000e+03 0.000000000000000000e+00
6.060000000000000000e+03 0.000000000000000000e+00
6.070000000000000000e+03 0.000000000000000000e+00
6.080000000000000000e+03 0.000000000000000000e+00
6.090000000000000000e+03 0.000000000000000000e+00
6.100000000000000000e+03 0.000000000000000000e+00
6.110000000000000000e+03 0.000000000000000000e+00
6.120000000000000000e+03 0.000000000000000000e+00
6.130000000000000000e+03 0.000000000000000000e+00
6.140000000000000000e+03 0.000000000000000000e+00
6.150000000000000000e+03 0.000000000000000000e+00
6.160000000000000000e+03 0.000000000000000000e+00
6.170000000000000000e+03 0.000000000000000000e+00
6.180000000000000000e+03 0.000000000000000000e+00
6.190000000000000000e+03 0.000000000000000000e+00
6.200000000000000000e+03 0.000000000000000000e+00
6.210000000000000000e+03 0.000000000000000000e+00
6.220000000000000000e+03 0.000000000000000000e+00
6.230000000000000000e+03 0.000000000000000000e+00
6.240000000000000000e+03 0.000000000000000000e+00
6.250000000000000000e+03 0.000000000000000000e+00
6.260000000000000000e+03 0.000000000000000000e+00
6.270000000000000000e+03 0.000000000000000000e+00
6.280000000000000000e+03 0.000000000000000000e+00
6.290000000000000000e+03 0.000000000000000000e+00
6.300000000000000000e+03 0.000000000000000000e+00
6.310000000000000000e+03 0.000000000000000000e+00
6.320000000000000000e+03 0.000000000000000000e+00
6.330000000000000000e+03 0.000000000000000000e+00
6.340000000000000000e+03 0.000000000000000000e+00
6.350000000000000000e+03 0.000000000000000000e+00
6.360000000000000000e+03 0.000000000000000000e+00
6.370000000000000000e+03 0.000000000000000000e+00
6.380000000000000000e+03 0.000000000000000000e+00
6.390000000000000000e+03 0.000000000000000000e+00
6.400000000000000000e+03 0.000000000000000000e+00
6.410000000000000000e+03 0.000000000000000000e+00
6.420000000000000000e+03 0.000000000000000000e+00
6.430000000000000000e+03 0.000000000000000000e+00
6.440000000000000000e+03 0.000000000000000000e+00
6.450000000000000000e+03 0.000000000000000000e+00
6.460000000000000000e+03 0.000000000000000000e+00
6.470000000000000000e+03 0.000000000000000000e+00
6.480000000000000000e+03 0.000000000000000000e+00
6.490000000000000000e+03 0.000000000000000000e+00
6.500000000000000000e+03 0.000000000000000000e+00
6.510000000000000000e+03 0.000000000000000000e+00
6.520000000000000000e+03 0.000000000000000000e+00
6.530000000000000000e+03 0.000000000000000000e+00
6.540000000000000000e+03 0.000000000000000000e+00
6.550000000000000000e+03 0.000000000000000000e+00
6.560000000000000000e+03 0.000000000000000000e+00
6.570000000000000000e+03 0.000000000000000000e+00
6.580000000000000000e+03 0.000000000000000000e+00
6.590000000000000000e+03 0.000000000000000000e+00
6.600000000000000000e+03 0.000000000000000000e+00
6.610000000000000000e+03 0.000000000000000000e+00
6.620000000000000000e+03 0.000000000000000000e+00
6.630000000000000000e+03 0.000000000000000000e+00
6.640000000000000000e+03 0.000000000000000000e+00
6.650000000000000000e+03 1.000000000000000021e-03
6.660000000000000000e+03 1.000000000000000021e-03
6.670000000000000000e+03 1.000000000000000021e-03
6.680000000000000000e+03 1.000000000000000021e-03
6.690000000000000000e+03 1.000000000000000021e-03
6.700000000000000000e+03 1.000000000000000021e-03
6.710000000000000000e+03 1.000000000000000021e-03
6.720000000000000000e+03 2.000000000000000042e-03
6.730000000000000000e+03 2.000000000000000042e-03
6.740000000000000000e+03 3.000000000000000062e-03
6.750000000000000000e+03 4.000000000000000083e-03
6.760000000000000000e+03 5.000000000000000104e-03
6.770000000000000000e+03 7.000000000000000146e-03
6.780000000000000000e+03 8.999999999999999320e-03
6.790000000000000000e+03 1.200000000000000025e-02
6.800000000000000000e+03 1.600000000000000033e-02
6.810000000000000000e+03 2.199999999999999872e-02
6.820000000000000000e+03 2.900000000000000147e-02
6.830000000000000000e+03 3.899999999999999994e-02
6.840000000000000000e+03 5.600000000000000117e-02
6.850000000000000000e+03 8.400000000000000522e-02
6.860000000000000000e+03 1.330000000000000071e-01
6.870000000000000000e+03 1.690000000000000113e-01
6.880000000000000000e+03 2.640000000000000124e-01
6.890000000000000000e+03 3.499999999999999778e-01
6.900000000000000000e+03 4.259999999999999898e-01
6.910000000000000000e+03 5.120000000000000107e-01
6.920000000000000000e+03 5.909999999999999698e-01
6.930000000000000000e+03 6.700000000000000400e-01
6.940000000000000000e+03 7.369999999999999885e-01
6.950000000000000000e+03 7.920000000000000373e-01
6.960000000000000000e+03 8.209999999999999520e-01
6.970000000000000000e+03 8.429999999999999716e-01
6.980000000000000000e+03 8.479999999999999760e-01
6.990000000000000000e+03 8.459999999999999742e-01
7.000000000000000000e+03 8.479999999999999760e-01
7.010000000000000000e+03 8.469999999999999751e-01
7.020000000000000000e+03 8.469999999999999751e-01
7.030000000000000000e+03 8.449999999999999734e-01
7.040000000000000000e+03 8.479999999999999760e-01
7.050000000000000000e+03 8.489999999999999769e-01
7.060000000000000000e+03 8.519999999999999796e-01
7.070000000000000000e+03 8.529999999999999805e-01
7.080000000000000000e+03 8.509999999999999787e-01
7.090000000000000000e+03 8.489999999999999769e-01
7.100000000000000000e+03 8.469999999999999751e-01
7.110000000000000000e+03 8.469999999999999751e-01
7.120000000000000000e+03 8.489999999999999769e-01
7.130000000000000000e+03 8.519999999999999796e-01
7.140000000000000000e+03 8.549999999999999822e-01
7.150000000000000000e+03 8.569999999999999840e-01
7.160000000000000000e+03 8.589999999999999858e-01
7.170000000000000000e+03 8.439999999999999725e-01
7.180000000000000000e+03 8.329999999999999627e-01
7.190000000000000000e+03 8.159999999999999476e-01
7.200000000000000000e+03 8.249999999999999556e-01
7.210000000000000000e+03 8.419999999999999707e-01
7.220000000000000000e+03 8.629999999999999893e-01
7.230000000000000000e+03 8.459999999999999742e-01
7.240000000000000000e+03 8.329999999999999627e-01
7.250000000000000000e+03 8.329999999999999627e-01
7.260000000000000000e+03 8.419999999999999707e-01
7.270000000000000000e+03 8.349999999999999645e-01
7.280000000000000000e+03 8.329999999999999627e-01
7.290000000000000000e+03 8.309999999999999609e-01
7.300000000000000000e+03 8.379999999999999671e-01
7.310000000000000000e+03 8.279999999999999583e-01
7.320000000000000000e+03 8.379999999999999671e-01
7.330000000000000000e+03 8.459999999999999742e-01
7.340000000000000000e+03 8.499999999999999778e-01
7.350000000000000000e+03 8.529999999999999805e-01
7.360000000000000000e+03 8.569999999999999840e-01
7.370000000000000000e+03 8.599999999999999867e-01
7.380000000000000000e+03 8.639999999999999902e-01
7.390000000000000000e+03 8.639999999999999902e-01
7.400000000000000000e+03 8.649999999999999911e-01
7.410000000000000000e+03 8.649999999999999911e-01
7.420000000000000000e+03 8.659999999999999920e-01
7.430000000000000000e+03 8.649999999999999911e-01
7.440000000000000000e+03 8.649999999999999911e-01
7.450000000000000000e+03 8.649999999999999911e-01
7.460000000000000000e+03 8.649999999999999911e-01
7.470000000000000000e+03 8.649999999999999911e-01
7.480000000000000000e+03 8.649999999999999911e-01
7.490000000000000000e+03 8.669999999999999929e-01
7.500000000000000000e+03 8.679999999999999938e-01
7.510000000000000000e+03 8.679999999999999938e-01
7.520000000000000000e+03 8.689999999999999947e-01
7.530000000000000000e+03 8.679999999999999938e-01
7.540000000000000000e+03 8.679999999999999938e-01
7.550000000000000000e+03 8.669999999999999929e-01
7.560000000000000000e+03 8.659999999999999920e-01
7.570000000000000000e+03 8.639999999999999902e-01
7.580000000000000000e+03 8.629999999999999893e-01
7.590000000000000000e+03 8.599999999999999867e-01
7.600000000000000000e+03 4.079999999999999738e-01
7.610000000000000000e+03 3.310000000000000164e-01
7.620000000000000000e+03 6.550000000000000266e-01
7.630000000000000000e+03 4.560000000000000164e-01
7.640000000000000000e+03 5.620000000000000551e-01
7.650000000000000000e+03 6.400000000000000133e-01
7.660000000000000000e+03 7.299999999999999822e-01
7.670000000000000000e+03 7.830000000000000293e-01
7.680000000000000000e+03 8.329999999999999627e-01
7.690000000000000000e+03 8.449999999999999734e-01
7.700000000000000000e+03 8.589999999999999858e-01
7.710000000000000000e+03 8.649999999999999911e-01
7.720000000000000000e+03 8.649999999999999911e-01
7.730000000000000000e+03 8.629999999999999893e-01
7.740000000000000000e+03 8.599999999999999867e-01
7.750000000000000000e+03 8.579999999999999849e-01
7.760000000000000000e+03 8.549999999999999822e-01
7.770000000000000000e+03 8.529999999999999805e-01
7.780000000000000000e+03 8.509999999999999787e-01
7.790000000000000000e+03 8.479999999999999760e-01
7.800000000000000000e+03 8.439999999999999725e-01
7.810000000000000000e+03 8.419999999999999707e-01
7.820000000000000000e+03 8.409999999999999698e-01
7.830000000000000000e+03 8.399999999999999689e-01
7.840000000000000000e+03 8.379999999999999671e-01
7.850000000000000000e+03 8.359999999999999654e-01
7.860000000000000000e+03 8.329999999999999627e-01
7.870000000000000000e+03 8.299999999999999600e-01
7.880000000000000000e+03 8.279999999999999583e-01
7.890000000000000000e+03 8.239999999999999547e-01
7.900000000000000000e+03 8.199999999999999512e-01
7.910000000000000000e+03 8.219999999999999529e-01
7.920000000000000000e+03 8.239999999999999547e-01
7.930000000000000000e+03 8.269999999999999574e-01
7.940000000000000000e+03 8.339999999999999636e-01
7.950000000000000000e+03 8.379999999999999671e-01
7.960000000000000000e+03 8.379999999999999671e-01
7.970000000000000000e+03 8.429999999999999716e-01
7.980000000000000000e+03 8.459999999999999742e-01
7.990000000000000000e+03 8.439999999999999725e-01
8.000000000000000000e+03 8.409999999999999698e-01
8.010000000000000000e+03 8.379999999999999671e-01
8.020000000000000000e+03 8.349999999999999645e-01
8.030000000000000000e+03 8.339999999999999636e-01
8.040000000000000000e+03 8.319999999999999618e-01
8.050000000000000000e+03 8.299999999999999600e-01
8.060000000000000000e+03 8.279999999999999583e-01
8.070000000000000000e+03 8.239999999999999547e-01
8.080000000000000000e+03 8.209999999999999520e-01
8.090000000000000000e+03 8.169999999999999485e-01
8.100000000000000000e+03 8.129999999999999449e-01
8.110000000000000000e+03 8.100000000000000533e-01
8.120000000000000000e+03 8.040000000000000480e-01
8.130000000000000000e+03 7.980000000000000426e-01
8.140000000000000000e+03 7.800000000000000266e-01
8.150000000000000000e+03 7.670000000000000151e-01
8.160000000000000000e+03 7.279999999999999805e-01
8.170000000000000000e+03 6.840000000000000524e-01
8.180000000000000000e+03 6.089999999999999858e-01
8.190000000000000000e+03 5.230000000000000204e-01
8.200000000000000000e+03 4.079999999999999738e-01
8.210000000000000000e+03 3.130000000000000004e-01
8.220000000000000000e+03 2.210000000000000020e-01
8.230000000000000000e+03 1.419999999999999873e-01
8.240000000000000000e+03 1.039999999999999952e-01
8.250000000000000000e+03 7.099999999999999367e-02
8.260000000000000000e+03 4.700000000000000011e-02
8.270000000000000000e+03 3.300000000000000155e-02
8.280000000000000000e+03 2.100000000000000130e-02
8.290000000000000000e+03 1.499999999999999944e-02
8.300000000000000000e+03 1.000000000000000021e-02
8.310000000000000000e+03 7.000000000000000146e-03
8.320000000000000000e+03 5.000000000000000104e-03
8.330000000000000000e+03 4.000000000000000083e-03
8.340000000000000000e+03 3.000000000000000062e-03
8.350000000000000000e+03 2.000000000000000042e-03
8.360000000000000000e+03 2.000000000000000042e-03
8.370000000000000000e+03 1.000000000000000021e-03
8.380000000000000000e+03 1.000000000000000021e-03
8.390000000000000000e+03 1.000000000000000021e-03
8.400000000000000000e+03 1.000000000000000021e-03
8.410000000000000000e+03 1.000000000000000021e-03
8.420000000000000000e+03 1.000000000000000021e-03
8.430000000000000000e+03 1.000000000000000021e-03
8.440000000000000000e+03 0.000000000000000000e+00
8.450000000000000000e+03 0.000000000000000000e+00
8.460000000000000000e+03 0.000000000000000000e+00
8.470000000000000000e+03 0.000000000000000000e+00
8.480000000000000000e+03 0.000000000000000000e+00
8.490000000000000000e+03 0.000000000000000000e+00
8.500000000000000000e+03 0.000000000000000000e+00
8.510000000000000000e+03 0.000000000000000000e+00
8.520000000000000000e+03 0.000000000000000000e+00
8.530000000000000000e+03 0.000000000000000000e+00
8.540000000000000000e+03 0.000000000000000000e+00
8.550000000000000000e+03 0.000000000000000000e+00
8.560000000000000000e+03 0.000000000000000000e+00
8.570000000000000000e+03 0.000000000000000000e+00
8.580000000000000000e+03 0.000000000000000000e+00
8.590000000000000000e+03 0.000000000000000000e+00
8.600000000000000000e+03 0.000000000000000000e+00
8.610000000000000000e+03 0.000000000000000000e+00
8.620000000000000000e+03 0.000000000000000000e+00
8.630000000000000000e+03 0.000000000000000000e+00
8.640000000000000000e+03 0.000000000000000000e+00
8.650000000000000000e+03 0.000000000000000000e+00
8.660000000000000000e+03 0.000000000000000000e+00
8.670000000000000000e+03 0.000000000000000000e+00
8.680000000000000000e+03 0.000000000000000000e+00
8.690000000000000000e+03 0.000000000000000000e+00
8.700000000000000000e+03 0.000000000000000000e+00
8.710000000000000000e+03 0.000000000000000000e+00
8.720000000000000000e+03 0.000000000000000000e+00
8.730000000000000000e+03 0.000000000000000000e+00
8.740000000000000000e+03 0.000000000000000000e+00
8.750000000000000000e+03 0.000000000000000000e+00
8.760000000000000000e+03 0.000000000000000000e+00
8.770000000000000000e+03 0.000000000000000000e+00
8.780000000000000000e+03 0.000000000000000000e+00
8.790000000000000000e+03 0.000000000000000000e+00
8.800000000000000000e+03 0.000000000000000000e+00
8.810000000000000000e+03 0.000000000000000000e+00
8.820000000000000000e+03 0.000000000000000000e+00
8.830000000000000000e+03 0.000000000000000000e+00
8.840000000000000000e+03 0.000000000000000000e+00
8.850000000000000000e+03 0.000000000000000000e+00
8.860000000000000000e+03 0.000000000000000000e+00
8.870000000000000000e+03 0.000000000000000000e+00
8.880000000000000000e+03 0.000000000000000000e+00
8.890000000000000000e+03 0.000000000000000000e+00
8.900000000000000000e+03 0.000000000000000000e+00
8.910000000000000000e+03 0.000000000000000000e+00
8.920000000000000000e+03 0.000000000000000000e+00
8.930000000000000000e+03 0.000000000000000000e+00
8.940000000000000000e+03 0.000000000000000000e+00
8.950000000000000000e+03 0.000000000000000000e+00
8.960000000000000000e+03 0.000000000000000000e+00
8.970000000000000000e+03 0.000000000000000000e+00
8.980000000000000000e+03 0.000000000000000000e+00
8.990000000000000000e+03 0.000000000000000000e+00
9.000000000000000000e+03 0.000000000000000000e+00
9.010000000000000000e+03 0.000000000000000000e+00
9.020000000000000000e+03 0.000000000000000000e+00
9.030000000000000000e+03 0.000000000000000000e+00
9.040000000000000000e+03 0.000000000000000000e+00
9.050000000000000000e+03 0.000000000000000000e+00
9.060000000000000000e+03 0.000000000000000000e+00
9.070000000000000000e+03 0.000000000000000000e+00
9.080000000000000000e+03 0.000000000000000000e+00
9.090000000000000000e+03 0.000000000000000000e+00
9.100000000000000000e+03 0.000000000000000000e+00
9.110000000000000000e+03 0.000000000000000000e+00
9.120000000000000000e+03 0.000000000000000000e+00
9.130000000000000000e+03 0.000000000000000000e+00
9.140000000000000000e+03 0.000000000000000000e+00
9.150000000000000000e+03 0.000000000000000000e+00
9.160000000000000000e+03 0.000000000000000000e+00
9.170000000000000000e+03 0.000000000000000000e+00
9.180000000000000000e+03 0.000000000000000000e+00
9.190000000000000000e+03 0.000000000000000000e+00
9.200000000000000000e+03 0.000000000000000000e+00
9.210000000000000000e+03 0.000000000000000000e+00
9.220000000000000000e+03 0.000000000000000000e+00
9.230000000000000000e+03 0.000000000000000000e+00
9.240000000000000000e+03 0.000000000000000000e+00
9.250000000000000000e+03 0.000000000000000000e+00
9.260000000000000000e+03 0.000000000000000000e+00
9.270000000000000000e+03 0.000000000000000000e+00
9.280000000000000000e+03 0.000000000000000000e+00
9.290000000000000000e+03 0.000000000000000000e+00
9.300000000000000000e+03 0.000000000000000000e+00
9.310000000000000000e+03 0.000000000000000000e+00
9.320000000000000000e+03 0.000000000000000000e+00
9.330000000000000000e+03 0.000000000000000000e+00
9.340000000000000000e+03 0.000000000000000000e+00
9.350000000000000000e+03 0.000000000000000000e+00
9.360000000000000000e+03 0.000000000000000000e+00
9.370000000000000000e+03 0.000000000000000000e+00
9.380000000000000000e+03 0.000000000000000000e+00
9.390000000000000000e+03 0.000000000000000000e+00
9.400000000000000000e+03 0.000000000000000000e+00
9.410000000000000000e+03 0.000000000000000000e+00
9.420000000000000000e+03 0.000000000000000000e+00
9.430000000000000000e+03 0.000000000000000000e+00
9.440000000000000000e+03 0.000000000000000000e+00
9.450000000000000000e+03 0.000000000000000000e+00
9.460000000000000000e+03 0.000000000000000000e+00
9.470000000000000000e+03 0.000000000000000000e+00
9.480000000000000000e+03 0.000000000000000000e+00
9.490000000000000000e+03 0.000000000000000000e+00
9.500000000000000000e+03 0.000000000000000000e+00
9.510000000000000000e+03 0.000000000000000000e+00
9.520000000000000000e+03 0.000000000000000000e+00
9.530000000000000000e+03 0.000000000000000000e+00
9.540000000000000000e+03 0.000000000000000000e+00
9.550000000000000000e+03 0.000000000000000000e+00
9.560000000000000000e+03 0.000000000000000000e+00
9.570000000000000000e+03 0.000000000000000000e+00
9.580000000000000000e+03 0.000000000000000000e+00
9.590000000000000000e+03 0.000000000000000000e+00
9.600000000000000000e+03 0.000000000000000000e+00
9.610000000000000000e+03 0.000000000000000000e+00
9.620000000000000000e+03 0.000000000000000000e+00
9.630000000000000000e+03 0.000000000000000000e+00
9.640000000000000000e+03 0.000000000000000000e+00
9.650000000000000000e+03 0.000000000000000000e+00
9.660000000000000000e+03 0.000000000000000000e+00
9.670000000000000000e+03 0.000000000000000000e+00
9.680000000000000000e+03 0.000000000000000000e+00
9.690000000000000000e+03 0.000000000000000000e+00
9.700000000000000000e+03 0.000000000000000000e+00
9.710000000000000000e+03 0.000000000000000000e+00
9.720000000000000000e+03 0.000000000000000000e+00
9.730000000000000000e+03 0.000000000000000000e+00
9.740000000000000000e+03 0.000000000000000000e+00
9.750000000000000000e+03 0.000000000000000000e+00
9.760000000000000000e+03 0.000000000000000000e+00
9.770000000000000000e+03 0.000000000000000000e+00
9.780000000000000000e+03 0.000000000000000000e+00
9.790000000000000000e+03 0.000000000000000000e+00
9.800000000000000000e+03 0.000000000000000000e+00
9.810000000000000000e+03 0.000000000000000000e+00
9.820000000000000000e+03 0.000000000000000000e+00
9.830000000000000000e+03 0.000000000000000000e+00
9.840000000000000000e+03 0.000000000000000000e+00
9.850000000000000000e+03 0.000000000000000000e+00
9.860000000000000000e+03 0.000000000000000000e+00
9.870000000000000000e+03 0.000000000000000000e+00
9.880000000000000000e+03 0.000000000000000000e+00
9.890000000000000000e+03 0.000000000000000000e+00
9.900000000000000000e+03 0.000000000000000000e+00
9.910000000000000000e+03 0.000000000000000000e+00
9.920000000000000000e+03 0.000000000000000000e+00
9.930000000000000000e+03 0.000000000000000000e+00
9.940000000000000000e+03 0.000000000000000000e+00
9.950000000000000000e+03 0.000000000000000000e+00
9.960000000000000000e+03 0.000000000000000000e+00
9.970000000000000000e+03 0.000000000000000000e+00
9.980000000000000000e+03 0.000000000000000000e+00
9.990000000000000000e+03 0.000000000000000000e+00
1.000000000000000000e+04 0.000000000000000000e+00
1.001000000000000000e+04 0.000000000000000000e+00
1.002000000000000000e+04 0.000000000000000000e+00
1.003000000000000000e+04 0.000000000000000000e+00
1.004000000000000000e+04 0.000000000000000000e+00
1.005000000000000000e+04 0.000000000000000000e+00
1.006000000000000000e+04 0.000000000000000000e+00
1.007000000000000000e+04 0.000000000000000000e+00
1.008000000000000000e+04 0.000000000000000000e+00
1.009000000000000000e+04 0.000000000000000000e+00
1.010000000000000000e+04 0.000000000000000000e+00
1.011000000000000000e+04 0.000000000000000000e+00
1.012000000000000000e+04 0.000000000000000000e+00
1.013000000000000000e+04 0.000000000000000000e+00
1.014000000000000000e+04 0.000000000000000000e+00
1.015000000000000000e+04 0.000000000000000000e+00
1.016000000000000000e+04 0.000000000000000000e+00
1.017000000000000000e+04 0.000000000000000000e+00
1.018000000000000000e+04 0.000000000000000000e+00
1.019000000000000000e+04 0.000000000000000000e+00
1.020000000000000000e+04 0.000000000000000000e+00
1.021000000000000000e+04 0.000000000000000000e+00
1.022000000000000000e+04 0.000000000000000000e+00
1.023000000000000000e+04 0.000000000000000000e+00
1.024000000000000000e+04 0.000000000000000000e+00
1.025000000000000000e+04 0.000000000000000000e+00
1.026000000000000000e+04 0.000000000000000000e+00
1.027000000000000000e+04 0.000000000000000000e+00
1.028000000000000000e+04 0.000000000000000000e+00
1.029000000000000000e+04 0.000000000000000000e+00
1.030000000000000000e+04 0.000000000000000000e+00
1.031000000000000000e+04 0.000000000000000000e+00
1.032000000000000000e+04 0.000000000000000000e+00
1.033000000000000000e+04 0.000000000000000000e+00
1.034000000000000000e+04 0.000000000000000000e+00
1.035000000000000000e+04 0.000000000000000000e+00
1.036000000000000000e+04 0.000000000000000000e+00
1.037000000000000000e+04 0.000000000000000000e+00
1.038000000000000000e+04 0.000000000000000000e+00
1.039000000000000000e+04 0.000000000000000000e+00
1.040000000000000000e+04 0.000000000000000000e+00
1.041000000000000000e+04 0.000000000000000000e+00
1.042000000000000000e+04 0.000000000000000000e+00
1.043000000000000000e+04 0.000000000000000000e+00
1.044000000000000000e+04 0.000000000000000000e+00
1.045000000000000000e+04 0.000000000000000000e+00
1.046000000000000000e+04 0.000000000000000000e+00
1.047000000000000000e+04 0.000000000000000000e+00
1.048000000000000000e+04 0.000000000000000000e+00
1.049000000000000000e+04 0.000000000000000000e+00
1.050000000000000000e+04 0.000000000000000000e+00
1.051000000000000000e+04 0.000000000000000000e+00
1.052000000000000000e+04 0.000000000000000000e+00
1.053000000000000000e+04 0.000000000000000000e+00
1.054000000000000000e+04 0.000000000000000000e+00
1.055000000000000000e+04 0.000000000000000000e+00
1.056000000000000000e+04 0.000000000000000000e+00
1.057000000000000000e+04 0.000000000000000000e+00
1.058000000000000000e+04 0.000000000000000000e+00
1.059000000000000000e+04 0.000000000000000000e+00
1.060000000000000000e+04 0.000000000000000000e+00
1.061000000000000000e+04 0.000000000000000000e+00
1.062000000000000000e+04 0.000000000000000000e+00
1.063000000000000000e+04 0.000000000000000000e+00
1.064000000000000000e+04 0.000000000000000000e+00
1.065000000000000000e+04 0.000000000000000000e+00
1.066000000000000000e+04 0.000000000000000000e+00
1.067000000000000000e+04 0.000000000000000000e+00
1.068000000000000000e+04 0.000000000000000000e+00
1.069000000000000000e+04 0.000000000000000000e+00
1.070000000000000000e+04 0.000000000000000000e+00
1.071000000000000000e+04 0.000000000000000000e+00
1.072000000000000000e+04 0.000000000000000000e+00
1.073000000000000000e+04 0.000000000000000000e+00
1.074000000000000000e+04 0.000000000000000000e+00
1.075000000000000000e+04 0.000000000000000000e+00
1.076000000000000000e+04 0.000000000000000000e+00
1.077000000000000000e+04 0.000000000000000000e+00
1.078000000000000000e+04 0.000000000000000000e+00
1.079000000000000000e+04 0.000000000000000000e+00
1.080000000000000000e+04 0.000000000000000000e+00
1.081000000000000000e+04 0.000000000000000000e+00
1.082000000000000000e+04 0.000000000000000000e+00
1.083000000000000000e+04 0.000000000000000000e+00
1.084000000000000000e+04 0.000000000000000000e+00
1.085000000000000000e+04 0.000000000000000000e+00
1.086000000000000000e+04 0.000000000000000000e+00
1.087000000000000000e+04 0.000000000000000000e+00
1.088000000000000000e+04 0.000000000000000000e+00
1.089000000000000000e+04 0.000000000000000000e+00
1.090000000000000000e+04 0.000000000000000000e+00
1.091000000000000000e+04 0.000000000000000000e+00
1.092000000000000000e+04 0.000000000000000000e+00
1.093000000000000000e+04 0.000000000000000000e+00
1.094000000000000000e+04 0.000000000000000000e+00
1.095000000000000000e+04 0.000000000000000000e+00
1.096000000000000000e+04 0.000000000000000000e+00
1.097000000000000000e+04 0.000000000000000000e+00
1.098000000000000000e+04 0.000000000000000000e+00
1.099000000000000000e+04 0.000000000000000000e+00
1.100000000000000000e+04 0.000000000000000000e+00
