# PS1 y-band, from Tonry et. al. 2012
# Angstroms               Throughput
3.800000000000000000e+03 0.000000000000000000e+00
3.810000000000000000e+03 0.000000000000000000e+00
3.820000000000000000e+03 0.000000000000000000e+00
3.830000000000000000e+03 0.000000000000000000e+00
3.840000000000000000e+03 0.000000000000000000e+00
3.850000000000000000e+03 0.000000000000000000e+00
3.860000000000000000e+03 0.000000000000000000e+00
3.870000000000000000e+03 0.000000000000000000e+00
3.880000000000000000e+03 0.000000000000000000e+00
3.890000000000000000e+03 0.000000000000000000e+00
3.900000000000000000e+03 0.000000000000000000e+00
3.910000000000000000e+03 0.000000000000000000e+00
3.920000000000000000e+03 0.000000000000000000e+00
3.930000000000000000e+03 0.000000000000000000e+00
3.940000000000000000e+03 0.000000000000000000e+00
3.950000000000000000e+03 0.000000000000000000e+00
3.960000000000000000e+03 0.000000000000000000e+00
3.970000000000000000e+03 0.000000000000000000e+00
3.980000000000000000e+03 0.000000000000000000e+00
3.990000000000000000e+03 0.000000000000000000e+00
4.000000000000000000e+03 0.000000000000000000e+00
4.010000000000000000e+03 0.000000000000000000e+00
4.020000000000000000e+03 0.000000000000000000e+00
4.030000000000000000e+03 0.000000000000000000e+00
4.040000000000000000e+03 0.000000000000000000e+00
4.050000000000000000e+03 0.000000000000000000e+00
4.060000000000000000e+03 0.000000000000000000e+00
4.070000000000000000e+03 0.000000000000000000e+00
4.080000000000000000e+03 0.000000000000000000e+00
4.090000000000000000e+03 0.000000000000000000e+00
4.100000000000000000e+03 0.000000000000000000e+00
4.110000000000000000e+03 0.000000000000000000e+00
4.120000000000000000e+03 0.000000000000000000e+00
4.130000000000000000e+03 0.000000000000000000e+00
4.140000000000000000e+03 0.000000000000000000e+00
4.150000000000000000e+03 0.000000000000000000e+00
4.160000000000000000e+03 0.000000000000000000e+00
4.170000000000000000e+03 0.000000000000000000e+00
4.180000000000000000e+03 0.000000000000000000e+00
4.190000000000000000e+03 0.000000000000000000e+00
4.200000000000000000e+03 0.000000000000000000e+00
4.210000000000000000e+03 0.000000000000000000e+00
4.220000000000000000e+03 0.000000000000000000e+00
4.230000000000000000e+03 0.000000000000000000e+00
4.240000000000000000e+03 0.000000000000000000e+00
4.250000000000000000e+03 0.000000000000000000e+00
4.260000000000000000e+03 0.000000000000000000e+00
4.270000000000000000e+03 0.000000000000000000e+00
4.280000000000000000e+03 0.000000000000000000e+00
4.290000000000000000e+03 0.000000000000000000e+00
4.300000000000000000e+03 0.000000000000000000e+00
4.310000000000000000e+03 0.000000000000000000e+00
4.320000000000000000e+03 0.000000000000000000e+00
4.330000000000000000e+03 0.000000000000000000e+00
4.340000000000000000e+03 0.000000000000000000e+00
4.350000000000000000e+03 0.000000000000000000e+00
4.360000000000000000e+03 0.000000000000000000e+00
4.370000000000000000e+03 0.000000000000000000e+00
4.380000000000000000e+03 0.000000000000000000e+00
4.390000000000000000e+03 0.000000000000000000e+00
4.400000000000000000e+03 0.000000000000000000e+00
4.410000000000000000e+03 0.000000000000000000e+00
4.420000000000000000e+03 0.000000000000000000e+00
4.430000000000000000e+03 0.000000000000000000e+00
4.440000000000000000e+03 0.000000000000000000e+00
4.450000000000000000e+03 0.000000000000000000e+00
4.460000000000000000e+03 0.000000000000000000e+00
4.470000000000000000e+03 0.000000000000000000e+00
4.480000000000000000e+03 0.000000000000000000e+00
4.490000000000000000e+03 0.000000000000000000e+00
4.500000000000000000e+03 0.000000000000000000e+00
4.510000000000000000e+03 0.000000000000000000e+00
4.520000000000000000e+03 0.000000000000000000e+00
4.530000000000000000e+03 0.000000000000000000e+00
4.540000000000000000e+03 0.000000000000000000e+00
4.550000000000000000e+03 0.000000000000000000e+00
4.560000000000000000e+03 0.000000000000000000e+00
4.570000000000000000e+03 0.000000000000000000e+00
4.580000000000000000e+03 0.000000000000000000e+00
4.590000000000000000e+03 0.000000000000000000e+00
4.600000000000000000e+03 0.000000000000000000e+00
4.610000000000000000e+03 0.000000000000000000e+00
4.620000000000000000e+03 0.000000000000000000e+00
4.630000000000000000e+03 0.000000000000000000e+00
4.640000000000000000e+03 0.000000000000000000e+00
4.650000000000000000e+03 0.000000000000000000e+00
4.660000000000000000e+03 0.000000000000000000e+00
4.670000000000000000e+03 0.000000000000000000e+00
4.680000000000000000e+03 0.000000000000000000e+00
4.690000000000000000e+03 0.000000000000000000e+00
4.700000000000000000e+03 0.000000000000000000e+00
4.710000000000000000e+03 0.000000000000000000e+00
4.720000000000000000e+03 0.000000000000000000e+00
4.730000000000000000e+03 0.000000000000000000e+00
4.740000000000000000e+03 0.000000000000000000e+00
4.750000000000000000e+03 0.000000000000000000e+00
4.760000000000000000e+03 0.000000000000000000e+00
4.770000000000000000e+03 0.000000000000000000e+00
4.780000000000000000e+03 0.000000000000000000e+00
4.790000000000000000e+03 0.000000000000000000e+00
4.800000000000000000e+03 0.000000000000000000e+00
4.810000000000000000e+03 0.000000000000000000e+00
4.820000000000000000e+03 0.000000000000000000e+00
4.830000000000000000e+03 0.000000000000000000e+00
4.840000000000000000e+03 0.000000000000000000e+00
4.850000000000000000e+03 0.000000000000000000e+00
4.860000000000000000e+03 0.000000000000000000e+00
4.870000000000000000e+03 0.000000000000000000e+00
4.880000000000000000e+03 0.000000000000000000e+00
4.890000000000000000e+03 0.000000000000000000e+00
4.900000000000000000e+03 0.000000000000000000e+00
4.910000000000000000e+03 0.000000000000000000e+00
4.920000000000000000e+03 0.000000000000000000e+00
4.930000000000000000e+03 0.000000000000000000e+00
4.940000000000000000e+03 0.000000000000000000e+00
4.950000000000000000e+03 0.000000000000000000e+00
4.960000000000000000e+03 0.000000000000000000e+00
4.970000000000000000e+03 0.000000000000000000e+00
4.980000000000000000e+03 0.000000000000000000e+00
4.990000000000000000e+03 0.000000000000000000e+00
5.000000000000000000e+03 0.000000000000000000e+00
5.010000000000000000e+03 0.000000000000000000e+00
5.020000000000000000e+03 0.000000000000000000e+00
5.030000000000000000e+03 0.000000000000000000e+00
5.040000000000000000e+03 0.000000000000000000e+00
5.050000000000000000e+03 0.000000000000000000e+00
5.060000000000000000e+03 0.000000000000000000e+00
5.070000000000000000e+03 0.000000000000000000e+00
5.080000000000000000e+03 0.000000000000000000e+00
5.090000000000000000e+03 0.000000000000000000e+00
5.100000000000000000e+03 0.000000000000000000e+00
5.110000000000000000e+03 0.000000000000000000e+00
5.120000000000000000e+03 0.000000000000000000e+00
5.130000000000000000e+03 0.000000000000000000e+00
5.140000000000000000e+03 0.000000000000000000e+00
5.150000000000000000e+03 0.000000000000000000e+00
5.160000000000000000e+03 0.000000000000000000e+00
5.170000000000000000e+03 0.000000000000000000e+00
5.180000000000000000e+03 0.000000000000000000e+00
5.190000000000000000e+03 0.000000000000000000e+00
5.200000000000000000e+03 0.000000000000000000e+00
5.210000000000000000e+03 0.000000000000000000e+00
5.220000000000000000e+03 0.000000000000000000e+00
5.230000000000000000e+03 0.000000000000000000e+00
5.240000000000000000e+03 0.000000000000000000e+00
5.250000000000000000e+03 0.000000000000000000e+00
5.260000000000000000e+03 0.000000000000000000e+00
5.270000000000000000e+03 0.000000000000000000e+00
5.280000000000000000e+03 0.000000000000000000e+00
5.290000000000000000e+03 0.000000000000000000e+00
5.300000000000000000e+03 0.000000000000000000e+00
5.310000000000000000e+03 0.000000000000000000e+00
5.320000000000000000e+03 0.000000000000000000e+00
5.330000000000000000e+03 0.000000000000000000e+00
5.340000000000000000e+03 0.000000000000000000e+00
5.350000000000000000e+03 0.000000000000000000e+00
5.360000000000000000e+03 0.000000000000000000e+00
5.370000000000000000e+03 0.000000000000000000e+00
5.380000000000000000e+03 0.000000000000000000e+00
5.390000000000000000e+03 0.000000000000000000e+00
5.400000000000000000e+03 0.000000000000000000e+00
5.410000000000000000e+03 0.000000000000000000e+00
5.420000000000000000e+03 0.000000000000000000e+00
5.430000000000000000e+03 0.000000000000000000e+00
5.440000000000000000e+03 0.000000000000000000e+00
5.450000000000000000e+03 0.000000000000000000e+00
5.460000000000000000e+03 0.000000000000000000e+00
5.470000000000000000e+03 0.000000000000000000e+00
5.480000000000000000e+03 0.000000000000000000e+00
5.490000000000000000e+03 0.000000000000000000e+00
5.500000000000000000e+03 0.000000000000000000e+00
5.510000000000000000e+03 0.000000000000000000e+00
5.520000000000000000e+03 0.000000000000000000e+00
5.530000000000000000e+03 0.000000000000000000e+00
5.540000000000000000e+03 0.000000000000000000e+00
5.550000000000000000e+03 0.000000000000000000e+00
5.560000000000000000e+03 0.000000000000000000e+00
5.570000000000000000e+03 0.000000000000000000e+00
5.580000000000000000e+03 0.000000000000000000e+00
5.590000000000000000e+03 0.000000000000000000e+00
5.600000000000000000e+03 0.000000000000000000e+00
5.610000000000000000e+03 0.000000000000000000e+00
5.620000000000000000e+03 0.000000000000000000e+00
5.630000000000000000e+03 0.000000000000000000e+00
5.640000000000000000e+03 0.000000000000000000e+00
5.650000000000000000e+03 0.000000000000000000e+00
5.660000000000000000e+03 0.000000000000000000e+00
5.670000000000000000e+03 0.000000000000000000e+00
5.680000000000000000e+03 0.000000000000000000e+00
5.690000000000000000e+03 0.000000000000000000e+00
5.700000000000000000e+03 0.000000000000000000e+00
5.710000000000000000e+03 0.000000000000000000e+00
5.720000000000000000e+03 0.000000000000000000e+00
5.730000000000000000e+03 0.000000000000000000e+00
5.740000000000000000e+03 0.000000000000000000e+00
5.750000000000000000e+03 0.000000000000000000e+00
5.760000000000000000e+03 0.000000000000000000e+00
5.770000000000000000e+03 0.000000000000000000e+00
5.780000000000000000e+03 0.000000000000000000e+00
5.790000000000000000e+03 0.000000000000000000e+00
5.800000000000000000e+03 0.000000000000000000e+00
5.810000000000000000e+03 0.000000000000000000e+00
5.820000000000000000e+03 0.000000000000000000e+00
5.830000000000000000e+03 0.000000000000000000e+00
5.840000000000000000e+03 0.000000000000000000e+00
5.850000000000000000e+03 0.000000000000000000e+00
5.860000000000000000e+03 0.000000000000000000e+00
5.870000000000000000e+03 0.000000000000000000e+00
5.880000000000000000e+03 0.000000000000000000e+00
5.890000000000000000e+03 0.000000000000000000e+00
5.900000000000000000e+03 0.000000000000000000e+00
5.910000000000000000e+03 0.000000000000000000e+00
5.920000000000000000e+03 0.000000000000000000e+00
5.930000000000000000e+03 0.000000000000000000e+00
5.940000000000000000e+03 0.000000000000000000e+00
5.950000000000000000e+03 0.000000000000000000e+00
5.960000000000000000e+03 0.000000000000000000e+00
5.970000000000000000e+03 0.000000000000000000e+00
5.980000000000000000e+03 0.000000000000000000e+00
5.990000000000000000e+03 0.000000000000000000e+00
6.000000000000000000e+03 0.000000000000000000e+00
6.010000000000000000e+03 0.000000000000000000e+00
6.020000000000000000e+03 0.000000000000000000e+00
6.030000000000000000e+03 0.000000000000000000e+00
6.040000000000000000e+03 0.000000000000000000e+00
6.050000000000000000e+03 0.000000000000000000e+00
6.060000000000000000e+03 0.000000000000000000e+00
6.070000000000000000e+03 0.000000000000000000e+00
6.080000000000000000e+03 0.000000000000000000e+00
6.090000000000000000e+03 0.000000000000000000e+00
6.100000000000000000e+03 0.000000000000000000e+00
6.110000000000000000e+03 0.000000000000000000e+00
6.120000000000000000e+03 0.000000000000000000e+00
6.130000000000000000e+03 0.000000000000000000e+00
6.140000000000000000e+03 0.000000000000000000e+00
6.150000000000000000e+03 0.000000000000000000e+00
6.160000000000000000e+03 0.000000000000000000e+00
6.170000000000000000e+03 0.000000000000000000e+00
6.180000000000000000e+03 0.000000000000000000e+00
6.190000000000000000e+03 0.000000000000000000e+00
6.200000000000000000e+03 0.000000000000000000e+00
6.210000000000000000e+03 0.000000000000000000e+00
6.220000000000000000e+03 0.000000000000000000e+00
6.230000000000000000e+03 0.000000000000000000e+00
6.240000000000000000e+03 0.000000000000000000e+00
6.250000000000000000e+03 0.000000000000000000e+00
6.260000000000000000e+03 0.000000000000000000e+00
6.270000000000000000e+03 0.000000000000000000e+00
6.280000000000000000e+03 0.000000000000000000e+00
6.290000000000000000e+03 0.000000000000000000e+00
6.300000000000000000e+03 0.000000000000000000e+00
6.310000000000000000e+03 0.000000000000000000e+00
6.320000000000000000e+03 0.000000000000000000e+00
6.330000000000000000e+03 0.000000000000000000e+00
6.340000000000000000e+03 0.000000000000000000e+00
6.350000000000000000e+03 0.000000000000000000e+00
6.360000000000000000e+03 0.000000000000000000e+00
6.370000000000000000e+03 0.000000000000000000e+00
6.380000000000000000e+03 0.000000000000000000e+00
6.390000000000000000e+03 0.000000000000000000e+00
6.400000000000000000e+03 0.000000000000000000e+00
6.410000000000000000e+03 0.000000000000000000e+00
6.420000000000000000e+03 0.000000000000000000e+00
6.430000000000000000e+03 0.000000000000000000e+00
6.440000000000000000e+03 0.000000000000000000e+00
6.450000000000000000e+03 0.000000000000000000e+00
6.460000000000000000e+03 0.000000000000000000e+00
6.470000000000000000e+03 0.000000000000000000e+00
6.480000000000000000e+03 0.000000000000000000e+00
6.490000000000000000e+03 0.000000000000000000e+00
6.500000000000000000e+03 0.000000000000000000e+00
6.510000000000000000e+03 0.000000000000000000e+00
6.520000000000000000e+03 0.000000000000000000e+00
6.530000000000000000e+03 0.000000000000000000e+00
6.540000000000000000e+03 0.000000000000000000e+00
6.550000000000000000e+03 0.000000000000000000e+00
6.560000000000000000e+03 0.000000000000000000e+00
6.570000000000000000e+03 0.000000000000000000e+00
6.580000000000000000e+03 0.000000000000000000e+00
6.590000000000000000e+03 0.000000000000000000e+00
6.600000000000000000e+03 0.000000000000000000e+00
6.610000000000000000e+03 0.000000000000000000e+00
6.620000000000000000e+03 0.000000000000000000e+00
6.630000000000000000e+03 0.000000000000000000e+00
6.640000000000000000e+03 0.000000000000000000e+00
6.650000000000000000e+03 0.000000000000000000e+00
6.660000000000000000e+03 0.000000000000000000e+00
6.670000000000000000e+03 0.000000000000000000e+00
6.680000000000000000e+03 0.000000000000000000e+00
6.690000000000000000e+03 0.000000000000000000e+00
6.700000000000000000e+03 0.000000000000000000e+00
6.710000000000000000e+03 0.000000000000000000e+00
6.720000000000000000e+03 0.000000000000000000e+00
6.730000000000000000e+03 0.000000000000000000e+00
6.740000000000000000e+03 0.000000000000000000e+00
6.750000000000000000e+03 0.000000000000000000e+00
6.760000000000000000e+03 0.000000000000000000e+00
6.770000000000000000e+03 0.000000000000000000e+00
6.780000000000000000e+03 0.000000000000000000e+00
6.790000000000000000e+03 0.000000000000000000e+00
6.800000000000000000e+03 0.000000000000000000e+00
6.810000000000000000e+03 0.000000000000000000e+00
6.820000000000000000e+03 0.000000000000000000e+00
6.830000000000000000e+03 0.000000000000000000e+00
6.840000000000000000e+03 0.000000000000000000e+00
6.850000000000000000e+03 0.000000000000000000e+00
6.860000000000000000e+03 0.000000000000000000e+00
6.870000000000000000e+03 0.000000000000000000e+00
6.880000000000000000e+03 0.000000000000000000e+00
6.890000000000000000e+03 0.000000000000000000e+00
6.900000000000000000e+03 0.000000000000000000e+00
6.910000000000000000e+03 0.000000000000000000e+00
6.920000000000000000e+03 0.000000000000000000e+00
6.930000000000000000e+03 0.000000000000000000e+00
6.940000000000000000e+03 0.000000000000000000e+00
6.950000000000000000e+03 0.000000000000000000e+00
6.960000000000000000e+03 0.000000000000000000e+00
6.970000000000000000e+03 0.000000000000000000e+00
6.980000000000000000e+03 0.000000000000000000e+00
6.990000000000000000e+03 0.000000000000000000e+00
7.000000000000000000e+03 0.000000000000000000e+00
7.010000000000000000e+03 0.000000000000000000e+00
7.020000000000000000e+03 0.000000000000000000e+00
7.030000000000000000e+03 0.000000000000000000e+00
7.040000000000000000e+03 0.000000000000000000e+00
7.050000000000000000e+03 0.000000000000000000e+00
7.060000000000000000e+03 0.000000000000000000e+00
7.070000000000000000e+03 0.000000000000000000e+00
7.080000000000000000e+03 0.000000000000000000e+00
7.090000000000000000e+03 0.000000000000000000e+00
7.100000000000000000e+03 0.000000000000000000e+00
7.110000000000000000e+03 0.000000000000000000e+00
7.120000000000000000e+03 0.000000000000000000e+00
7.130000000000000000e+03 0.000000000000000000e+00
7.140000000000000000e+03 0.000000000000000000e+00
7.150000000000000000e+03 0.000000000000000000e+00
7.160000000000000000e+03 0.000000000000000000e+00
7.170000000000000000e+03 0.000000000000000000e+00
7.180000000000000000e+03 0.000000000000000000e+00
7.190000000000000000e+03 0.000000000000000000e+00
7.200000000000000000e+03 0.000000000000000000e+00
7.210000000000000000e+03 0.000000000000000000e+00
7.220000000000000000e+03 0.000000000000000000e+00
7.230000000000000000e+03 0.000000000000000000e+00
7.240000000000000000e+03 0.000000000000000000e+00
7.250000000000000000e+03 0.000000000000000000e+00
7.260000000000000000e+03 0.000000000000000000e+00
7.270000000000000000e+03 0.000000000000000000e+00
7.280000000000000000e+03 0.000000000000000000e+00
7.290000000000000000e+03 0.000000000000000000e+00
7.300000000000000000e+03 0.000000000000000000e+00
7.310000000000000000e+03 0.000000000000000000e+00
7.320000000000000000e+03 0.000000000000000000e+00
7.330000000000000000e+03 0.000000000000000000e+00
7.340000000000000000e+03 0.000000000000000000e+00
7.350000000000000000e+03 0.000000000000000000e+00
7.360000000000000000e+03 0.000000000000000000e+00
7.370000000000000000e+03 0.000000000000000000e+00
7.380000000000000000e+03 0.000000000000000000e+00
7.390000000000000000e+03 0.000000000000000000e+00
7.400000000000000000e+03 0.000000000000000000e+00
7.410000000000000000e+03 0.000000000000000000e+00
7.420000000000000000e+03 0.000000000000000000e+00
7.430000000000000000e+03 0.000000000000000000e+00
7.440000000000000000e+03 0.000000000000000000e+00
7.450000000000000000e+03 0.000000000000000000e+00
7.460000000000000000e+03 0.000000000000000000e+00
7.470000000000000000e+03 0.000000000000000000e+00
7.480000000000000000e+03 0.000000000000000000e+00
7.490000000000000000e+03 0.000000000000000000e+00
7.500000000000000000e+03 0.000000000000000000e+00
7.510000000000000000e+03 0.000000000000000000e+00
7.520000000000000000e+03 0.000000000000000000e+00
7.530000000000000000e+03 0.000000000000000000e+00
7.540000000000000000e+03 0.000000000000000000e+00
7.550000000000000000e+03 0.000000000000000000e+00
7.560000000000000000e+03 0.000000000000000000e+00
7.570000000000000000e+03 0.000000000000000000e+00
7.580000000000000000e+03 0.000000000000000000e+00
7.590000000000000000e+03 0.000000000000000000e+00
7.600000000000000000e+03 0.000000000000000000e+00
7.610000000000000000e+03 0.000000000000000000e+00
7.620000000000000000e+03 0.000000000000000000e+00
7.630000000000000000e+03 0.000000000000000000e+00
7.640000000000000000e+03 0.000000000000000000e+00
7.650000000000000000e+03 0.000000000000000000e+00
7.660000000000000000e+03 0.000000000000000000e+00
7.670000000000000000e+03 0.000000000000000000e+00
7.680000000000000000e+03 0.000000000000000000e+00
7.690000000000000000e+03 0.000000000000000000e+00
7.700000000000000000e+03 0.000000000000000000e+00
7.710000000000000000e+03 0.000000000000000000e+00
7.720000000000000000e+03 0.000000000000000000e+00
7.730000000000000000e+03 0.000000000000000000e+00
7.740000000000000000e+03 0.000000000000000000e+00
7.750000000000000000e+03 0.000000000000000000e+00
7.760000000000000000e+03 0.000000000000000000e+00
7.770000000000000000e+03 0.000000000000000000e+00
7.780000000000000000e+03 0.000000000000000000e+00
7.790000000000000000e+03 0.000000000000000000e+00
7.800000000000000000e+03 0.000000000000000000e+00
7.810000000000000000e+03 0.000000000000000000e+00
7.820000000000000000e+03 0.000000000000000000e+00
7.830000000000000000e+03 0.000000000000000000e+00
7.840000000000000000e+03 0.000000000000000000e+00
7.850000000000000000e+03 0.000000000000000000e+00
7.860000000000000000e+03 0.000000000000000000e+00
7.870000000000000000e+03 0.000000000000000000e+00
7.880000000000000000e+03 0.000000000000000000e+00
7.890000000000000000e+03 0.000000000000000000e+00
7.900000000000000000e+03 0.000000000000000000e+00
7.910000000000000000e+03 0.000000000000000000e+00
7.920000000000000000e+03 0.000000000000000000e+00
7.930000000000000000e+03 0.000000000000000000e+00
7.940000000000000000e+03 0.000000000000000000e+00
7.950000000000000000e+03 0.000000000000000000e+00
7.960000000000000000e+03 0.000000000000000000e+00
7.970000000000000000e+03 0.000000000000000000e+00
7.980000000000000000e+03 0.000000000000000000e+00
7.990000000000000000e+03 0.000000000000000000e+00
8.000000000000000000e+03 0.000000000000000000e+00
8.010000000000000000e+03 0.000000000000000000e+00
8.020000000000000000e+03 0.000000000000000000e+00
8.030000000000000000e+03 0.000000000000000000e+00
8.040000000000000000e+03 0.000000000000000000e+00
8.050000000000000000e+03 0.000000000000000000e+00
8.060000000000000000e+03 0.000000000000000000e+00
8.070000000000000000e+03 0.000000000000000000e+00
8.080000000000000000e+03 0.000000000000000000e+00
8.090000000000000000e+03 0.000000000000000000e+00
8.100000000000000000e+03 0.000000000000000000e+00
8.110000000000000000e+03 0.000000000000000000e+00
8.120000000000000000e+03 0.000000000000000000e+00
8.130000000000000000e+03 0.000000000000000000e+00
8.140000000000000000e+03 0.000000000000000000e+00
8.150000000000000000e+03 0.000000000000000000e+00
8.160000000000000000e+03 0.000000000000000000e+00
8.170000000000000000e+03 0.000000000000000000e+00
8.180000000000000000e+03 0.000000000000000000e+00
8.190000000000000000e+03 0.000000000000000000e+00
8.200000000000000000e+03 0.000000000000000000e+00
8.210000000000000000e+03 0.000000000000000000e+00
8.220000000000000000e+03 0.000000000000000000e+00
8.230000000000000000e+03 0.000000000000000000e+00
8.240000000000000000e+03 0.000000000000000000e+00
8.250000000000000000e+03 0.000000000000000000e+00
8.260000000000000000e+03 0.000000000000000000e+00
8.270000000000000000e+03 0.000000000000000000e+00
8.280000000000000000e+03 0.000000000000000000e+00
8.290000000000000000e+03 0.000000000000000000e+00
8.300000000000000000e+03 0.000000000000000000e+00
8.310000000000000000e+03 0.000000000000000000e+00
8.320000000000000000e+03 0.000000000000000000e+00
8.330000000000000000e+03 0.000000000000000000e+00
8.340000000000000000e+03 0.000000000000000000e+00
8.350000000000000000e+03 0.000000000000000000e+00
8.360000000000000000e+03 0.000000000000000000e+00
8.370000000000000000e+03 0.000000000000000000e+00
8.380000000000000000e+03 0.000000000000000000e+00
8.390000000000000000e+03 0.000000000000000000e+00
8.400000000000000000e+03 0.000000000000000000e+00
8.410000000000000000e+03 0.000000000000000000e+00
8.420000000000000000e+03 0.000000000000000000e+00
8.430000000000000000e+03 0.000000000000000000e+00
8.440000000000000000e+03 0.000000000000000000e+00
8.450000000000000000e+03 0.000000000000000000e+00
8.460000000000000000e+03 0.000000000000000000e+00
8.470000000000000000e+03 0.000000000000000000e+00
8.480000000000000000e+03 0.000000000000000000e+00
8.490000000000000000e+03 0.000000000000000000e+00
8.500000000000000000e+03 0.000000000000000000e+00
8.510000000000000000e+03 0.000000000000000000e+00
8.520000000000000000e+03 0.000000000000000000e+00
8.530000000000000000e+03 0.000000000000000000e+00
8.540000000000000000e+03 0.000000000000000000e+00
8.550000000000000000e+03 0.000000000000000000e+00
8.560000000000000000e+03 0.000000000000000000e+00
8.570000000000000000e+03 0.000000000000000000e+00
8.580000000000000000e+03 0.000000000000000000e+00
8.590000000000000000e+03 0.000000000000000000e+00
8.600000000000000000e+03 0.000000000000000000e+00
8.610000000000000000e+03 0.000000000000000000e+00
8.620000000000000000e+03 0.000000000000000000e+00
8.630000000000000000e+03 0.000000000000000000e+00
8.640000000000000000e+03 0.000000000000000000e+00
8.650000000000000000e+03 0.000000000000000000e+00
8.660000000000000000e+03 0.000000000000000000e+00
8.670000000000000000e+03 0.000000000000000000e+00
8.680000000000000000e+03 0.000000000000000000e+00
8.690000000000000000e+03 0.000000000000000000e+00
8.700000000000000000e+03 0.000000000000000000e+00
8.710000000000000000e+03 0.000000000000000000e+00
8.720000000000000000e+03 0.000000000000000000e+00
8.730000000000000000e+03 0.000000000000000000e+00
8.740000000000000000e+03 0.000000000000000000e+00
8.750000000000000000e+03 0.000000000000000000e+00
8.760000000000000000e+03 0.000000000000000000e+00
8.770000000000000000e+03 0.000000000000000000e+00
8.780000000000000000e+03 0.000000000000000000e+00
8.790000000000000000e+03 0.000000000000000000e+00
8.800000000000000000e+03 0.000000000000000000e+00
8.810000000000000000e+03 0.000000000000000000e+00
8.820000000000000000e+03 0.000000000000000000e+00
8.830000000000000000e+03 0.000000000000000000e+00
8.840000000000000000e+03 0.000000000000000000e+00
8.850000000000000000e+03 0.000000000000000000e+00
8.860000000000000000e+03 0.000000000000000000e+00
8.870000000000000000e+03 0.000000000000000000e+00
8.880000000000000000e+03 0.000000000000000000e+00
8.890000000000000000e+03 0.000000000000000000e+00
8.900000000000000000e+03 0.000000000000000000e+00
8.910000000000000000e+03 0.000000000000000000e+00
8.920000000000000000e+03 0.000000000000000000e+00
8.930000000000000000e+03 0.000000000000000000e+00
8.940000000000000000e+03 0.000000000000000000e+00
8.950000000000000000e+03 0.000000000000000000e+00
8.960000000000000000e+03 0.000000000000000000e+00
8.970000000000000000e+03 1.000000000000000021e-03
8.980000000000000000e+03 1.000000000000000021e-03
8.990000000000000000e+03 1.000000000000000021e-03
9.000000000000000000e+03 1.000000000000000021e-03
9.010000000000000000e+03 2.000000000000000042e-03
9.020000000000000000e+03 2.000000000000000042e-03
9.030000000000000000e+03 2.000000000000000042e-03
9.040000000000000000e+03 2.000000000000000042e-03
9.050000000000000000e+03 2.000000000000000042e-03
9.060000000000000000e+03 3.000000000000000062e-03
9.070000000000000000e+03 3.000000000000000062e-03
9.080000000000000000e+03 3.000000000000000062e-03
9.090000000000000000e+03 5.000000000000000104e-03
9.100000000000000000e+03 6.000000000000000125e-03
9.110000000000000000e+03 8.999999999999999320e-03
9.120000000000000000e+03 1.499999999999999944e-02
9.130000000000000000e+03 2.400000000000000050e-02
9.140000000000000000e+03 4.000000000000000083e-02
9.150000000000000000e+03 6.600000000000000311e-02
9.160000000000000000e+03 9.800000000000000377e-02
9.170000000000000000e+03 1.519999999999999962e-01
9.180000000000000000e+03 1.990000000000000102e-01
9.190000000000000000e+03 2.710000000000000187e-01
9.200000000000000000e+03 3.350000000000000200e-01
9.210000000000000000e+03 4.030000000000000249e-01
9.220000000000000000e+03 4.510000000000000120e-01
9.230000000000000000e+03 5.060000000000000053e-01
9.240000000000000000e+03 5.390000000000000346e-01
9.250000000000000000e+03 5.649999999999999467e-01
9.260000000000000000e+03 5.909999999999999698e-01
9.270000000000000000e+03 6.149999999999999911e-01
9.280000000000000000e+03 5.969999999999999751e-01
9.290000000000000000e+03 6.009999999999999787e-01
9.300000000000000000e+03 5.699999999999999512e-01
9.310000000000000000e+03 5.430000000000000382e-01
9.320000000000000000e+03 5.010000000000000009e-01
9.330000000000000000e+03 4.859999999999999876e-01
9.340000000000000000e+03 4.349999999999999978e-01
9.350000000000000000e+03 4.640000000000000235e-01
9.360000000000000000e+03 4.010000000000000231e-01
9.370000000000000000e+03 4.349999999999999978e-01
9.380000000000000000e+03 4.410000000000000031e-01
9.390000000000000000e+03 5.130000000000000115e-01
9.400000000000000000e+03 5.290000000000000258e-01
9.410000000000000000e+03 4.979999999999999982e-01
9.420000000000000000e+03 4.989999999999999991e-01
9.430000000000000000e+03 4.309999999999999942e-01
9.440000000000000000e+03 4.189999999999999836e-01
9.450000000000000000e+03 4.709999999999999742e-01
9.460000000000000000e+03 3.860000000000000098e-01
9.470000000000000000e+03 4.590000000000000191e-01
9.480000000000000000e+03 4.040000000000000258e-01
9.490000000000000000e+03 4.869999999999999885e-01
9.500000000000000000e+03 3.489999999999999769e-01
9.510000000000000000e+03 4.799999999999999822e-01
9.520000000000000000e+03 3.860000000000000098e-01
9.530000000000000000e+03 4.219999999999999862e-01
9.540000000000000000e+03 4.349999999999999978e-01
9.550000000000000000e+03 4.129999999999999782e-01
9.560000000000000000e+03 4.020000000000000240e-01
9.570000000000000000e+03 3.880000000000000115e-01
9.580000000000000000e+03 4.119999999999999774e-01
9.590000000000000000e+03 3.950000000000000178e-01
9.600000000000000000e+03 4.010000000000000231e-01
9.610000000000000000e+03 4.010000000000000231e-01
9.620000000000000000e+03 3.940000000000000169e-01
9.630000000000000000e+03 3.990000000000000213e-01
9.640000000000000000e+03 3.860000000000000098e-01
9.650000000000000000e+03 3.870000000000000107e-01
9.660000000000000000e+03 3.820000000000000062e-01
9.670000000000000000e+03 3.810000000000000053e-01
9.680000000000000000e+03 3.880000000000000115e-01
9.690000000000000000e+03 3.900000000000000133e-01
9.700000000000000000e+03 3.780000000000000027e-01
9.710000000000000000e+03 3.800000000000000044e-01
9.720000000000000000e+03 3.679999999999999938e-01
9.730000000000000000e+03 3.579999999999999849e-01
9.740000000000000000e+03 3.489999999999999769e-01
9.750000000000000000e+03 3.410000000000000253e-01
9.760000000000000000e+03 3.370000000000000218e-01
9.770000000000000000e+03 3.350000000000000200e-01
9.780000000000000000e+03 3.270000000000000129e-01
9.790000000000000000e+03 3.260000000000000120e-01
9.800000000000000000e+03 3.150000000000000022e-01
9.810000000000000000e+03 3.180000000000000049e-01
9.820000000000000000e+03 3.109999999999999987e-01
9.830000000000000000e+03 3.019999999999999907e-01
9.840000000000000000e+03 3.009999999999999898e-01
9.850000000000000000e+03 2.919999999999999818e-01
9.860000000000000000e+03 2.899999999999999800e-01
9.870000000000000000e+03 2.819999999999999729e-01
9.880000000000000000e+03 2.740000000000000213e-01
9.890000000000000000e+03 2.680000000000000160e-01
9.900000000000000000e+03 2.600000000000000089e-01
9.910000000000000000e+03 2.550000000000000044e-01
9.920000000000000000e+03 2.500000000000000000e-01
9.930000000000000000e+03 2.429999999999999938e-01
9.940000000000000000e+03 2.379999999999999893e-01
9.950000000000000000e+03 2.320000000000000118e-01
9.960000000000000000e+03 2.270000000000000073e-01
9.970000000000000000e+03 2.210000000000000020e-01
9.980000000000000000e+03 2.159999999999999976e-01
9.990000000000000000e+03 2.109999999999999931e-01
1.000000000000000000e+04 2.049999999999999878e-01
1.001000000000000000e+04 2.000000000000000111e-01
1.002000000000000000e+04 1.950000000000000067e-01
1.003000000000000000e+04 1.890000000000000013e-01
1.004000000000000000e+04 1.829999999999999960e-01
1.005000000000000000e+04 1.779999999999999916e-01
1.006000000000000000e+04 1.729999999999999871e-01
1.007000000000000000e+04 1.680000000000000104e-01
1.008000000000000000e+04 1.620000000000000051e-01
1.009000000000000000e+04 1.570000000000000007e-01
1.010000000000000000e+04 1.519999999999999962e-01
1.011000000000000000e+04 1.469999999999999918e-01
1.012000000000000000e+04 1.409999999999999865e-01
1.013000000000000000e+04 1.360000000000000098e-01
1.014000000000000000e+04 1.310000000000000053e-01
1.015000000000000000e+04 1.270000000000000018e-01
1.016000000000000000e+04 1.239999999999999991e-01
1.017000000000000000e+04 1.199999999999999956e-01
1.018000000000000000e+04 1.160000000000000059e-01
1.019000000000000000e+04 1.110000000000000014e-01
1.020000000000000000e+04 1.059999999999999970e-01
1.021000000000000000e+04 1.019999999999999934e-01
1.022000000000000000e+04 9.700000000000000289e-02
1.023000000000000000e+04 9.400000000000000022e-02
1.024000000000000000e+04 9.099999999999999756e-02
1.025000000000000000e+04 8.799999999999999489e-02
1.026000000000000000e+04 8.400000000000000522e-02
1.027000000000000000e+04 8.100000000000000255e-02
1.028000000000000000e+04 7.799999999999999989e-02
1.029000000000000000e+04 7.499999999999999722e-02
1.030000000000000000e+04 7.099999999999999367e-02
1.031000000000000000e+04 6.700000000000000400e-02
1.032000000000000000e+04 6.400000000000000133e-02
1.033000000000000000e+04 5.999999999999999778e-02
1.034000000000000000e+04 5.700000000000000205e-02
1.035000000000000000e+04 5.500000000000000028e-02
1.036000000000000000e+04 5.299999999999999850e-02
1.037000000000000000e+04 5.000000000000000278e-02
1.038000000000000000e+04 4.800000000000000100e-02
1.039000000000000000e+04 4.499999999999999833e-02
1.040000000000000000e+04 4.299999999999999656e-02
1.041000000000000000e+04 4.100000000000000172e-02
1.042000000000000000e+04 3.899999999999999994e-02
1.043000000000000000e+04 3.699999999999999817e-02
1.044000000000000000e+04 3.599999999999999728e-02
1.045000000000000000e+04 3.500000000000000333e-02
1.046000000000000000e+04 3.400000000000000244e-02
1.047000000000000000e+04 3.300000000000000155e-02
1.048000000000000000e+04 3.200000000000000067e-02
1.049000000000000000e+04 2.999999999999999889e-02
1.050000000000000000e+04 2.900000000000000147e-02
1.051000000000000000e+04 2.800000000000000058e-02
1.052000000000000000e+04 2.699999999999999969e-02
1.053000000000000000e+04 2.599999999999999881e-02
1.054000000000000000e+04 2.500000000000000139e-02
1.055000000000000000e+04 2.400000000000000050e-02
1.056000000000000000e+04 2.299999999999999961e-02
1.057000000000000000e+04 2.199999999999999872e-02
1.058000000000000000e+04 2.100000000000000130e-02
1.059000000000000000e+04 2.000000000000000042e-02
1.060000000000000000e+04 1.899999999999999953e-02
1.061000000000000000e+04 1.799999999999999864e-02
1.062000000000000000e+04 1.700000000000000122e-02
1.063000000000000000e+04 1.600000000000000033e-02
1.064000000000000000e+04 1.499999999999999944e-02
1.065000000000000000e+04 1.499999999999999944e-02
1.066000000000000000e+04 1.400000000000000029e-02
1.067000000000000000e+04 1.400000000000000029e-02
1.068000000000000000e+04 1.299999999999999940e-02
1.069000000000000000e+04 1.200000000000000025e-02
1.070000000000000000e+04 1.200000000000000025e-02
1.071000000000000000e+04 1.099999999999999936e-02
1.072000000000000000e+04 1.099999999999999936e-02
1.073000000000000000e+04 1.099999999999999936e-02
1.074000000000000000e+04 1.000000000000000021e-02
1.075000000000000000e+04 1.000000000000000021e-02
1.076000000000000000e+04 8.999999999999999320e-03
1.077000000000000000e+04 8.999999999999999320e-03
1.078000000000000000e+04 8.000000000000000167e-03
1.079000000000000000e+04 8.000000000000000167e-03
1.080000000000000000e+04 8.000000000000000167e-03
1.081000000000000000e+04 7.000000000000000146e-03
1.082000000000000000e+04 7.000000000000000146e-03
1.083000000000000000e+04 7.000000000000000146e-03
1.084000000000000000e+04 6.000000000000000125e-03
1.085000000000000000e+04 6.000000000000000125e-03
1.086000000000000000e+04 6.000000000000000125e-03
1.087000000000000000e+04 6.000000000000000125e-03
1.088000000000000000e+04 5.000000000000000104e-03
1.089000000000000000e+04 5.000000000000000104e-03
1.090000000000000000e+04 5.000000000000000104e-03
1.091000000000000000e+04 5.000000000000000104e-03
1.092000000000000000e+04 4.000000000000000083e-03
1.093000000000000000e+04 4.000000000000000083e-03
1.094000000000000000e+04 4.000000000000000083e-03
1.095000000000000000e+04 4.000000000000000083e-03
1.096000000000000000e+04 3.000000000000000062e-03
1.097000000000000000e+04 3.000000000000000062e-03
1.098000000000000000e+04 3.000000000000000062e-03
1.099000000000000000e+04 3.000000000000000062e-03
1.100000000000000000e+04 2.000000000000000042e-03
